1 1
2 2
3 3
4 3
5 4
6 4
7 4
8 4
9 5
10 5
11 5
12 5
13 5
14 5
15 5
16 5
17 6
18 6
19 6
20 6
21 6
22 6
23 6
24 6
25 6
26 6
27 6
28 6
29 6
30 6
31 6
32 6
33 7
34 7
35 7
36 7
37 7
38 7
39 7
40 7
41 7
42 7
43 7
44 7
45 7
46 7
47 7
48 7
49 7
50 7
51 7
52 7
53 7
54 7
55 7
56 7
57 7
58 7
59 7
60 7
61 7
62 7
63 7
64 7
65 8
66 8
67 8
68 8
69 8
70 8
71 8
72 8
73 8
74 8
75 8
76 8
77 8
78 8
79 8
80 8
81 8
82 8
83 8
84 8
85 8
86 8
87 8
88 8
89 8
90 8
91 8
92 8
93 8
94 8
95 8
96 8
97 8
98 8
99 8
100 8
101 8
102 8
103 8
104 8
105 8
106 8
107 8
108 8
109 8
110 8
111 8
112 8
113 8
114 8
115 8
116 8
117 8
118 8
119 8
120 8
121 8
122 8
123 8
124 8
125 8
126 8
127 8
128 8
129 9
130 9
131 9
132 9
133 9
134 9
135 9
136 9
137 9
138 9
139 9
140 9
141 9
142 9
143 9
144 9
145 9
146 9
147 9
148 9
149 9
150 9
151 9
152 9
153 9
154 9
155 9
156 9
157 9
158 9
159 9
160 9
161 9
162 9
163 9
164 9
165 9
166 9
167 9
168 9
169 9
170 9
171 9
172 9
173 9
174 9
175 9
176 9
177 9
178 9
179 9
180 9
181 9
182 9
183 9
184 9
185 9
186 9
187 9
188 9
189 9
190 9
191 9
192 9
193 9
194 9
195 9
196 9
197 9
198 9
199 9
200 9
201 9
202 9
203 9
204 9
205 9
206 9
207 9
208 9
209 9
210 9
211 9
212 9
213 9
214 9
215 9
216 9
217 9
218 9
219 9
220 9
221 9
222 9
223 9
224 9
225 9
226 9
227 9
228 9
229 9
230 9
231 9
232 9
233 9
234 9
235 9
236 9
237 9
238 9
239 9
240 9
241 9
242 9
243 9
244 9
245 9
246 9
247 9
248 9
249 9
250 9
251 9
252 9
253 9
254 9
255 9
256 9
257 10
258 10
259 10
260 10
261 10
262 10
263 10
264 10
265 10
266 10
267 10
268 10
269 10
270 10
271 10
272 10
273 10
274 10
275 10
276 10
277 10
278 10
279 10
280 10
281 10
282 10
283 10
284 10
285 10
286 10
287 10
288 10
289 10
290 10
291 10
292 10
293 10
294 10
295 10
296 10
297 10
298 10
299 10
300 10
301 10
302 10
303 10
304 10
305 10
306 10
307 10
308 10
309 10
310 10
311 10
312 10
313 10
314 10
315 10
316 10
317 10
318 10
319 10
320 10
321 10
322 10
323 10
324 10
325 10
326 10
327 10
328 10
329 10
330 10
331 10
332 10
333 10
334 10
335 10
336 10
337 10
338 10
339 10
340 10
341 10
342 10
343 10
344 10
345 10
346 10
347 10
348 10
349 10
350 10
351 10
352 10
353 10
354 10
355 10
356 10
357 10
358 10
359 10
360 10
361 10
362 10
363 10
364 10
365 10
366 10
367 10
368 10
369 10
370 10
371 10
372 10
373 10
374 10
375 10
376 10
377 10
378 10
379 10
380 10
381 10
382 10
383 10
384 10
385 10
386 10
387 10
388 10
389 10
390 10
391 10
392 10
393 10
394 10
395 10
396 10
397 10
398 10
399 10
400 10
401 10
402 10
403 10
404 10
405 10
406 10
407 10
408 10
409 10
410 10
411 10
412 10
413 10
414 10
415 10
416 10
417 10
418 10
419 10
420 10
421 10
422 10
423 10
424 10
425 10
426 10
427 10
428 10
429 10
430 10
431 10
432 10
433 10
434 10
435 10
436 10
437 10
438 10
439 10
440 10
441 10
442 10
443 10
444 10
445 10
446 10
447 10
448 10
449 10
450 10
451 10
452 10
453 10
454 10
455 10
456 10
457 10
458 10
459 10
460 10
461 10
462 10
463 10
464 10
465 10
466 10
467 10
468 10
469 10
470 10
471 10
472 10
473 10
474 10
475 10
476 10
477 10
478 10
479 10
480 10
481 10
482 10
483 10
484 10
485 10
486 10
487 10
488 10
489 10
490 10
491 10
492 10
493 10
494 10
495 10
496 10
497 10
498 10
499 10
500 10
501 10
502 10
503 10
504 10
505 10
506 10
507 10
508 10
509 10
510 10
511 10
512 10
513 11
514 11
515 11
516 11
517 11
518 11
519 11
520 11
521 11
522 11
523 11
524 11
525 11
526 11
527 11
528 11
529 11
530 11
531 11
532 11
533 11
534 11
535 11
536 11
537 11
538 11
539 11
540 11
541 11
542 11
543 11
544 11
545 11
546 11
547 11
548 11
549 11
550 11
551 11
552 11
553 11
554 11
555 11
556 11
557 11
558 11
559 11
560 11
561 11
562 11
563 11
564 11
565 11
566 11
567 11
568 11
569 11
570 11
571 11
572 11
573 11
574 11
575 11
576 11
577 11
578 11
579 11
580 11
581 11
582 11
583 11
584 11
585 11
586 11
587 11
588 11
589 11
590 11
591 11
592 11
593 11
594 11
595 11
596 11
597 11
598 11
599 11
600 11
601 11
602 11
603 11
604 11
605 11
606 11
607 11
608 11
609 11
610 11
611 11
612 11
613 11
614 11
615 11
616 11
617 11
618 11
619 11
620 11
621 11
622 11
623 11
624 11
625 11
626 11
627 11
628 11
629 11
630 11
631 11
632 11
633 11
634 11
635 11
636 11
637 11
638 11
639 11
640 11
641 11
642 11
643 11
644 11
645 11
646 11
647 11
648 11
649 11
650 11
651 11
652 11
653 11
654 11
655 11
656 11
657 11
658 11
659 11
660 11
661 11
662 11
663 11
664 11
665 11
666 11
667 11
668 11
669 11
670 11
671 11
672 11
673 11
674 11
675 11
676 11
677 11
678 11
679 11
680 11
681 11
682 11
683 11
684 11
685 11
686 11
687 11
688 11
689 11
690 11
691 11
692 11
693 11
694 11
695 11
696 11
697 11
698 11
699 11
700 11
701 11
702 11
703 11
704 11
705 11
706 11
707 11
708 11
709 11
710 11
711 11
712 11
713 11
714 11
715 11
716 11
717 11
718 11
719 11
720 11
721 11
722 11
723 11
724 11
725 11
726 11
727 11
728 11
729 11
730 11
731 11
732 11
733 11
734 11
735 11
736 11
737 11
738 11
739 11
740 11
741 11
742 11
743 11
744 11
745 11
746 11
747 11
748 11
749 11
750 11
751 11
752 11
753 11
754 11
755 11
756 11
757 11
758 11
759 11
760 11
761 11
762 11
763 11
764 11
765 11
766 11
767 11
768 11
769 11
770 11
771 11
772 11
773 11
774 11
775 11
776 11
777 11
778 11
779 11
780 11
781 11
782 11
783 11
784 11
785 11
786 11
787 11
788 11
789 11
790 11
791 11
792 11
793 11
794 11
795 11
796 11
797 11
798 11
799 11
800 11
801 11
802 11
803 11
804 11
805 11
806 11
807 11
808 11
809 11
810 11
811 11
812 11
813 11
814 11
815 11
816 11
817 11
818 11
819 11
820 11
821 11
822 11
823 11
824 11
825 11
826 11
827 11
828 11
829 11
830 11
831 11
832 11
833 11
834 11
835 11
836 11
837 11
838 11
839 11
840 11
841 11
842 11
843 11
844 11
845 11
846 11
847 11
848 11
849 11
850 11
851 11
852 11
853 11
854 11
855 11
856 11
857 11
858 11
859 11
860 11
861 11
862 11
863 11
864 11
865 11
866 11
867 11
868 11
869 11
870 11
871 11
872 11
873 11
874 11
875 11
876 11
877 11
878 11
879 11
880 11
881 11
882 11
883 11
884 11
885 11
886 11
887 11
888 11
889 11
890 11
891 11
892 11
893 11
894 11
895 11
896 11
897 11
898 11
899 11
900 11
901 11
902 11
903 11
904 11
905 11
906 11
907 11
908 11
909 11
910 11
911 11
912 11
913 11
914 11
915 11
916 11
917 11
918 11
919 11
920 11
921 11
922 11
923 11
924 11
925 11
926 11
927 11
928 11
929 11
930 11
931 11
932 11
933 11
934 11
935 11
936 11
937 11
938 11
939 11
940 11
941 11
942 11
943 11
944 11
945 11
946 11
947 11
948 11
949 11
950 11
951 11
952 11
953 11
954 11
955 11
956 11
957 11
958 11
959 11
960 11
961 11
962 11
963 11
964 11
965 11
966 11
967 11
968 11
969 11
970 11
971 11
972 11
973 11
974 11
975 11
976 11
977 11
978 11
979 11
980 11
981 11
982 11
983 11
984 11
985 11
986 11
987 11
988 11
989 11
990 11
991 11
992 11
993 11
994 11
995 11
996 11
997 11
998 11
999 11
1000 11
1001 11
1002 11
1003 11
1004 11
1005 11
1006 11
1007 11
1008 11
1009 11
1010 11
1011 11
1012 11
1013 11
1014 11
1015 11
1016 11
1017 11
1018 11
1019 11
1020 11
1021 11
1022 11
1023 11
1024 11
1025 12
1026 12
1027 12
1028 12
1029 12
1030 12
1031 12
1032 12
1033 12
1034 12
1035 12
1036 12
1037 12
1038 12
1039 12
1040 12
1041 12
1042 12
1043 12
1044 12
1045 12
1046 12
1047 12
1048 12
1049 12
1050 12
1051 12
1052 12
1053 12
1054 12
1055 12
1056 12
1057 12
1058 12
1059 12
1060 12
1061 12
1062 12
1063 12
1064 12
1065 12
1066 12
1067 12
1068 12
1069 12
1070 12
1071 12
1072 12
1073 12
1074 12
1075 12
1076 12
1077 12
1078 12
1079 12
1080 12
1081 12
1082 12
1083 12
1084 12
1085 12
1086 12
1087 12
1088 12
1089 12
1090 12
1091 12
1092 12
1093 12
1094 12
1095 12
1096 12
1097 12
1098 12
1099 12
1100 12
1101 12
1102 12
1103 12
1104 12
1105 12
1106 12
1107 12
1108 12
1109 12
1110 12
1111 12
1112 12
1113 12
1114 12
1115 12
1116 12
1117 12
1118 12
1119 12
1120 12
1121 12
1122 12
1123 12
1124 12
1125 12
1126 12
1127 12
1128 12
1129 12
1130 12
1131 12
1132 12
1133 12
1134 12
1135 12
1136 12
1137 12
1138 12
1139 12
1140 12
1141 12
1142 12
1143 12
1144 12
1145 12
1146 12
1147 12
1148 12
1149 12
1150 12
1151 12
1152 12
1153 12
1154 12
1155 12
1156 12
1157 12
1158 12
1159 12
1160 12
1161 12
1162 12
1163 12
1164 12
1165 12
1166 12
1167 12
1168 12
1169 12
1170 12
1171 12
1172 12
1173 12
1174 12
1175 12
1176 12
1177 12
1178 12
1179 12
1180 12
1181 12
1182 12
1183 12
1184 12
1185 12
1186 12
1187 12
1188 12
1189 12
1190 12
1191 12
1192 12
1193 12
1194 12
1195 12
1196 12
1197 12
1198 12
1199 12
1200 12
1201 12
1202 12
1203 12
1204 12
1205 12
1206 12
1207 12
1208 12
1209 12
1210 12
1211 12
1212 12
1213 12
1214 12
1215 12
1216 12
1217 12
1218 12
1219 12
1220 12
1221 12
1222 12
1223 12
1224 12
1225 12
1226 12
1227 12
1228 12
1229 12
1230 12
1231 12
1232 12
1233 12
1234 12
1235 12
1236 12
1237 12
1238 12
1239 12
1240 12
1241 12
1242 12
1243 12
1244 12
1245 12
1246 12
1247 12
1248 12
1249 12
1250 12
1251 12
1252 12
1253 12
1254 12
1255 12
1256 12
1257 12
1258 12
1259 12
1260 12
1261 12
1262 12
1263 12
1264 12
1265 12
1266 12
1267 12
1268 12
1269 12
1270 12
1271 12
1272 12
1273 12
1274 12
1275 12
1276 12
1277 12
1278 12
1279 12
1280 12
1281 12
1282 12
1283 12
1284 12
1285 12
1286 12
1287 12
1288 12
1289 12
1290 12
1291 12
1292 12
1293 12
1294 12
1295 12
1296 12
1297 12
1298 12
1299 12
1300 12
1301 12
1302 12
1303 12
1304 12
1305 12
1306 12
1307 12
1308 12
1309 12
1310 12
1311 12
1312 12
1313 12
1314 12
1315 12
1316 12
1317 12
1318 12
1319 12
1320 12
1321 12
1322 12
1323 12
1324 12
1325 12
1326 12
1327 12
1328 12
1329 12
1330 12
1331 12
1332 12
1333 12
1334 12
1335 12
1336 12
1337 12
1338 12
1339 12
1340 12
1341 12
1342 12
1343 12
1344 12
1345 12
1346 12
1347 12
1348 12
1349 12
1350 12
1351 12
1352 12
1353 12
1354 12
1355 12
1356 12
1357 12
1358 12
1359 12
1360 12
1361 12
1362 12
1363 12
1364 12
1365 12
1366 12
1367 12
1368 12
1369 12
1370 12
1371 12
1372 12
1373 12
1374 12
1375 12
1376 12
1377 12
1378 12
1379 12
1380 12
1381 12
1382 12
1383 12
1384 12
1385 12
1386 12
1387 12
1388 12
1389 12
1390 12
1391 12
1392 12
1393 12
1394 12
1395 12
1396 12
1397 12
1398 12
1399 12
1400 12
1401 12
1402 12
1403 12
1404 12
1405 12
1406 12
1407 12
1408 12
1409 12
1410 12
1411 12
1412 12
1413 12
1414 12
1415 12
1416 12
1417 12
1418 12
1419 12
1420 12
1421 12
1422 12
1423 12
1424 12
1425 12
1426 12
1427 12
1428 12
1429 12
1430 12
1431 12
1432 12
1433 12
1434 12
1435 12
1436 12
1437 12
1438 12
1439 12
1440 12
1441 12
1442 12
1443 12
1444 12
1445 12
1446 12
1447 12
1448 12
1449 12
1450 12
1451 12
1452 12
1453 12
1454 12
1455 12
1456 12
1457 12
1458 12
1459 12
1460 12
1461 12
1462 12
1463 12
1464 12
1465 12
1466 12
1467 12
1468 12
1469 12
1470 12
1471 12
1472 12
1473 12
1474 12
1475 12
1476 12
1477 12
1478 12
1479 12
1480 12
1481 12
1482 12
1483 12
1484 12
1485 12
1486 12
1487 12
1488 12
1489 12
1490 12
1491 12
1492 12
1493 12
1494 12
1495 12
1496 12
1497 12
1498 12
1499 12
1500 12
1501 12
1502 12
1503 12
1504 12
1505 12
1506 12
1507 12
1508 12
1509 12
1510 12
1511 12
1512 12
1513 12
1514 12
1515 12
1516 12
1517 12
1518 12
1519 12
1520 12
1521 12
1522 12
1523 12
1524 12
1525 12
1526 12
1527 12
1528 12
1529 12
1530 12
1531 12
1532 12
1533 12
1534 12
1535 12
1536 12
1537 12
1538 12
1539 12
1540 12
1541 12
1542 12
1543 12
1544 12
1545 12
1546 12
1547 12
1548 12
1549 12
1550 12
1551 12
1552 12
1553 12
1554 12
1555 12
1556 12
1557 12
1558 12
1559 12
1560 12
1561 12
1562 12
1563 12
1564 12
1565 12
1566 12
1567 12
1568 12
1569 12
1570 12
1571 12
1572 12
1573 12
1574 12
1575 12
1576 12
1577 12
1578 12
1579 12
1580 12
1581 12
1582 12
1583 12
1584 12
1585 12
1586 12
1587 12
1588 12
1589 12
1590 12
1591 12
1592 12
1593 12
1594 12
1595 12
1596 12
1597 12
1598 12
1599 12
1600 12
1601 12
1602 12
1603 12
1604 12
1605 12
1606 12
1607 12
1608 12
1609 12
1610 12
1611 12
1612 12
1613 12
1614 12
1615 12
1616 12
1617 12
1618 12
1619 12
1620 12
1621 12
1622 12
1623 12
1624 12
1625 12
1626 12
1627 12
1628 12
1629 12
1630 12
1631 12
1632 12
1633 12
1634 12
1635 12
1636 12
1637 12
1638 12
1639 12
1640 12
1641 12
1642 12
1643 12
1644 12
1645 12
1646 12
1647 12
1648 12
1649 12
1650 12
1651 12
1652 12
1653 12
1654 12
1655 12
1656 12
1657 12
1658 12
1659 12
1660 12
1661 12
1662 12
1663 12
1664 12
1665 12
1666 12
1667 12
1668 12
1669 12
1670 12
1671 12
1672 12
1673 12
1674 12
1675 12
1676 12
1677 12
1678 12
1679 12
1680 12
1681 12
1682 12
1683 12
1684 12
1685 12
1686 12
1687 12
1688 12
1689 12
1690 12
1691 12
1692 12
1693 12
1694 12
1695 12
1696 12
1697 12
1698 12
1699 12
1700 12
1701 12
1702 12
1703 12
1704 12
1705 12
1706 12
1707 12
1708 12
1709 12
1710 12
1711 12
1712 12
1713 12
1714 12
1715 12
1716 12
1717 12
1718 12
1719 12
1720 12
1721 12
1722 12
1723 12
1724 12
1725 12
1726 12
1727 12
1728 12
1729 12
1730 12
1731 12
1732 12
1733 12
1734 12
1735 12
1736 12
1737 12
1738 12
1739 12
1740 12
1741 12
1742 12
1743 12
1744 12
1745 12
1746 12
1747 12
1748 12
1749 12
1750 12
1751 12
1752 12
1753 12
1754 12
1755 12
1756 12
1757 12
1758 12
1759 12
1760 12
1761 12
1762 12
1763 12
1764 12
1765 12
1766 12
1767 12
1768 12
1769 12
1770 12
1771 12
1772 12
1773 12
1774 12
1775 12
1776 12
1777 12
1778 12
1779 12
1780 12
1781 12
1782 12
1783 12
1784 12
1785 12
1786 12
1787 12
1788 12
1789 12
1790 12
1791 12
1792 12
1793 12
1794 12
1795 12
1796 12
1797 12
1798 12
1799 12
1800 12
1801 12
1802 12
1803 12
1804 12
1805 12
1806 12
1807 12
1808 12
1809 12
1810 12
1811 12
1812 12
1813 12
1814 12
1815 12
1816 12
1817 12
1818 12
1819 12
1820 12
1821 12
1822 12
1823 12
1824 12
1825 12
1826 12
1827 12
1828 12
1829 12
1830 12
1831 12
1832 12
1833 12
1834 12
1835 12
1836 12
1837 12
1838 12
1839 12
1840 12
1841 12
1842 12
1843 12
1844 12
1845 12
1846 12
1847 12
1848 12
1849 12
1850 12
1851 12
1852 12
1853 12
1854 12
1855 12
1856 12
1857 12
1858 12
1859 12
1860 12
1861 12
1862 12
1863 12
1864 12
1865 12
1866 12
1867 12
1868 12
1869 12
1870 12
1871 12
1872 12
1873 12
1874 12
1875 12
1876 12
1877 12
1878 12
1879 12
1880 12
1881 12
1882 12
1883 12
1884 12
1885 12
1886 12
1887 12
1888 12
1889 12
1890 12
1891 12
1892 12
1893 12
1894 12
1895 12
1896 12
1897 12
1898 12
1899 12
1900 12
1901 12
1902 12
1903 12
1904 12
1905 12
1906 12
1907 12
1908 12
1909 12
1910 12
1911 12
1912 12
1913 12
1914 12
1915 12
1916 12
1917 12
1918 12
1919 12
1920 12
1921 12
1922 12
1923 12
1924 12
1925 12
1926 12
1927 12
1928 12
1929 12
1930 12
1931 12
1932 12
1933 12
1934 12
1935 12
1936 12
1937 12
1938 12
1939 12
1940 12
1941 12
1942 12
1943 12
1944 12
1945 12
1946 12
1947 12
1948 12
1949 12
1950 12
1951 12
1952 12
1953 12
1954 12
1955 12
1956 12
1957 12
1958 12
1959 12
1960 12
1961 12
1962 12
1963 12
1964 12
1965 12
1966 12
1967 12
1968 12
1969 12
1970 12
1971 12
1972 12
1973 12
1974 12
1975 12
1976 12
1977 12
1978 12
1979 12
1980 12
1981 12
1982 12
1983 12
1984 12
1985 12
1986 12
1987 12
1988 12
1989 12
1990 12
1991 12
1992 12
1993 12
1994 12
1995 12
1996 12
1997 12
1998 12
1999 12
2000 12
2001 12
2002 12
2003 12
2004 12
2005 12
2006 12
2007 12
2008 12
2009 12
2010 12
2011 12
2012 12
2013 12
2014 12
2015 12
2016 12
2017 12
2018 12
2019 12
2020 12
2021 12
2022 12
2023 12
2024 12
2025 12
2026 12
2027 12
2028 12
2029 12
2030 12
2031 12
2032 12
2033 12
2034 12
2035 12
2036 12
2037 12
2038 12
2039 12
2040 12
2041 12
2042 12
2043 12
2044 12
2045 12
2046 12
2047 12
2048 12
2049 13
2050 13
2051 13
2052 13
2053 13
2054 13
2055 13
2056 13
2057 13
2058 13
2059 13
2060 13
2061 13
2062 13
2063 13
2064 13
2065 13
2066 13
2067 13
2068 13
2069 13
2070 13
2071 13
2072 13
2073 13
2074 13
2075 13
2076 13
2077 13
2078 13
2079 13
2080 13
2081 13
2082 13
2083 13
2084 13
2085 13
2086 13
2087 13
2088 13
2089 13
2090 13
2091 13
2092 13
2093 13
2094 13
2095 13
2096 13
2097 13
2098 13
2099 13
2100 13
2101 13
2102 13
2103 13
2104 13
2105 13
2106 13
2107 13
2108 13
2109 13
2110 13
2111 13
2112 13
2113 13
2114 13
2115 13
2116 13
2117 13
2118 13
2119 13
2120 13
2121 13
2122 13
2123 13
2124 13
2125 13
2126 13
2127 13
2128 13
2129 13
2130 13
2131 13
2132 13
2133 13
2134 13
2135 13
2136 13
2137 13
2138 13
2139 13
2140 13
2141 13
2142 13
2143 13
2144 13
2145 13
2146 13
2147 13
2148 13
2149 13
2150 13
2151 13
2152 13
2153 13
2154 13
2155 13
2156 13
2157 13
2158 13
2159 13
2160 13
2161 13
2162 13
2163 13
2164 13
2165 13
2166 13
2167 13
2168 13
2169 13
2170 13
2171 13
2172 13
2173 13
2174 13
2175 13
2176 13
2177 13
2178 13
2179 13
2180 13
2181 13
2182 13
2183 13
2184 13
2185 13
2186 13
2187 13
2188 13
2189 13
2190 13
2191 13
2192 13
2193 13
2194 13
2195 13
2196 13
2197 13
2198 13
2199 13
2200 13
2201 13
2202 13
2203 13
2204 13
2205 13
2206 13
2207 13
2208 13
2209 13
2210 13
2211 13
2212 13
2213 13
2214 13
2215 13
2216 13
2217 13
2218 13
2219 13
2220 13
2221 13
2222 13
2223 13
2224 13
2225 13
2226 13
2227 13
2228 13
2229 13
2230 13
2231 13
2232 13
2233 13
2234 13
2235 13
2236 13
2237 13
2238 13
2239 13
2240 13
2241 13
2242 13
2243 13
2244 13
2245 13
2246 13
2247 13
2248 13
2249 13
2250 13
2251 13
2252 13
2253 13
2254 13
2255 13
2256 13
2257 13
2258 13
2259 13
2260 13
2261 13
2262 13
2263 13
2264 13
2265 13
2266 13
2267 13
2268 13
2269 13
2270 13
2271 13
2272 13
2273 13
2274 13
2275 13
2276 13
2277 13
2278 13
2279 13
2280 13
2281 13
2282 13
2283 13
2284 13
2285 13
2286 13
2287 13
2288 13
2289 13
2290 13
2291 13
2292 13
2293 13
2294 13
2295 13
2296 13
2297 13
2298 13
2299 13
2300 13
2301 13
2302 13
2303 13
2304 13
2305 13
2306 13
2307 13
2308 13
2309 13
2310 13
2311 13
2312 13
2313 13
2314 13
2315 13
2316 13
2317 13
2318 13
2319 13
2320 13
2321 13
2322 13
2323 13
2324 13
2325 13
2326 13
2327 13
2328 13
2329 13
2330 13
2331 13
2332 13
2333 13
2334 13
2335 13
2336 13
2337 13
2338 13
2339 13
2340 13
2341 13
2342 13
2343 13
2344 13
2345 13
2346 13
2347 13
2348 13
2349 13
2350 13
2351 13
2352 13
2353 13
2354 13
2355 13
2356 13
2357 13
2358 13
2359 13
2360 13
2361 13
2362 13
2363 13
2364 13
2365 13
2366 13
2367 13
2368 13
2369 13
2370 13
2371 13
2372 13
2373 13
2374 13
2375 13
2376 13
2377 13
2378 13
2379 13
2380 13
2381 13
2382 13
2383 13
2384 13
2385 13
2386 13
2387 13
2388 13
2389 13
2390 13
2391 13
2392 13
2393 13
2394 13
2395 13
2396 13
2397 13
2398 13
2399 13
2400 13
2401 13
2402 13
2403 13
2404 13
2405 13
2406 13
2407 13
2408 13
2409 13
2410 13
2411 13
2412 13
2413 13
2414 13
2415 13
2416 13
2417 13
2418 13
2419 13
2420 13
2421 13
2422 13
2423 13
2424 13
2425 13
2426 13
2427 13
2428 13
2429 13
2430 13
2431 13
2432 13
2433 13
2434 13
2435 13
2436 13
2437 13
2438 13
2439 13
2440 13
2441 13
2442 13
2443 13
2444 13
2445 13
2446 13
2447 13
2448 13
2449 13
2450 13
2451 13
2452 13
2453 13
2454 13
2455 13
2456 13
2457 13
2458 13
2459 13
2460 13
2461 13
2462 13
2463 13
2464 13
2465 13
2466 13
2467 13
2468 13
2469 13
2470 13
2471 13
2472 13
2473 13
2474 13
2475 13
2476 13
2477 13
2478 13
2479 13
2480 13
2481 13
2482 13
2483 13
2484 13
2485 13
2486 13
2487 13
2488 13
2489 13
2490 13
2491 13
2492 13
2493 13
2494 13
2495 13
2496 13
2497 13
2498 13
2499 13
2500 13
2501 13
2502 13
2503 13
2504 13
2505 13
2506 13
2507 13
2508 13
2509 13
2510 13
2511 13
2512 13
2513 13
2514 13
2515 13
2516 13
2517 13
2518 13
2519 13
2520 13
2521 13
2522 13
2523 13
2524 13
2525 13
2526 13
2527 13
2528 13
2529 13
2530 13
2531 13
2532 13
2533 13
2534 13
2535 13
2536 13
2537 13
2538 13
2539 13
2540 13
2541 13
2542 13
2543 13
2544 13
2545 13
2546 13
2547 13
2548 13
2549 13
2550 13
2551 13
2552 13
2553 13
2554 13
2555 13
2556 13
2557 13
2558 13
2559 13
2560 13
2561 13
2562 13
2563 13
2564 13
2565 13
2566 13
2567 13
2568 13
2569 13
2570 13
2571 13
2572 13
2573 13
2574 13
2575 13
2576 13
2577 13
2578 13
2579 13
2580 13
2581 13
2582 13
2583 13
2584 13
2585 13
2586 13
2587 13
2588 13
2589 13
2590 13
2591 13
2592 13
2593 13
2594 13
2595 13
2596 13
2597 13
2598 13
2599 13
2600 13
2601 13
2602 13
2603 13
2604 13
2605 13
2606 13
2607 13
2608 13
2609 13
2610 13
2611 13
2612 13
2613 13
2614 13
2615 13
2616 13
2617 13
2618 13
2619 13
2620 13
2621 13
2622 13
2623 13
2624 13
2625 13
2626 13
2627 13
2628 13
2629 13
2630 13
2631 13
2632 13
2633 13
2634 13
2635 13
2636 13
2637 13
2638 13
2639 13
2640 13
2641 13
2642 13
2643 13
2644 13
2645 13
2646 13
2647 13
2648 13
2649 13
2650 13
2651 13
2652 13
2653 13
2654 13
2655 13
2656 13
2657 13
2658 13
2659 13
2660 13
2661 13
2662 13
2663 13
2664 13
2665 13
2666 13
2667 13
2668 13
2669 13
2670 13
2671 13
2672 13
2673 13
2674 13
2675 13
2676 13
2677 13
2678 13
2679 13
2680 13
2681 13
2682 13
2683 13
2684 13
2685 13
2686 13
2687 13
2688 13
2689 13
2690 13
2691 13
2692 13
2693 13
2694 13
2695 13
2696 13
2697 13
2698 13
2699 13
2700 13
2701 13
2702 13
2703 13
2704 13
2705 13
2706 13
2707 13
2708 13
2709 13
2710 13
2711 13
2712 13
2713 13
2714 13
2715 13
2716 13
2717 13
2718 13
2719 13
2720 13
2721 13
2722 13
2723 13
2724 13
2725 13
2726 13
2727 13
2728 13
2729 13
2730 13
2731 13
2732 13
2733 13
2734 13
2735 13
2736 13
2737 13
2738 13
2739 13
2740 13
2741 13
2742 13
2743 13
2744 13
2745 13
2746 13
2747 13
2748 13
2749 13
2750 13
2751 13
2752 13
2753 13
2754 13
2755 13
2756 13
2757 13
2758 13
2759 13
2760 13
2761 13
2762 13
2763 13
2764 13
2765 13
2766 13
2767 13
2768 13
2769 13
2770 13
2771 13
2772 13
2773 13
2774 13
2775 13
2776 13
2777 13
2778 13
2779 13
2780 13
2781 13
2782 13
2783 13
2784 13
2785 13
2786 13
2787 13
2788 13
2789 13
2790 13
2791 13
2792 13
2793 13
2794 13
2795 13
2796 13
2797 13
2798 13
2799 13
2800 13
2801 13
2802 13
2803 13
2804 13
2805 13
2806 13
2807 13
2808 13
2809 13
2810 13
2811 13
2812 13
2813 13
2814 13
2815 13
2816 13
2817 13
2818 13
2819 13
2820 13
2821 13
2822 13
2823 13
2824 13
2825 13
2826 13
2827 13
2828 13
2829 13
2830 13
2831 13
2832 13
2833 13
2834 13
2835 13
2836 13
2837 13
2838 13
2839 13
2840 13
2841 13
2842 13
2843 13
2844 13
2845 13
2846 13
2847 13
2848 13
2849 13
2850 13
2851 13
2852 13
2853 13
2854 13
2855 13
2856 13
2857 13
2858 13
2859 13
2860 13
2861 13
2862 13
2863 13
2864 13
2865 13
2866 13
2867 13
2868 13
2869 13
2870 13
2871 13
2872 13
2873 13
2874 13
2875 13
2876 13
2877 13
2878 13
2879 13
2880 13
2881 13
2882 13
2883 13
2884 13
2885 13
2886 13
2887 13
2888 13
2889 13
2890 13
2891 13
2892 13
2893 13
2894 13
2895 13
2896 13
2897 13
2898 13
2899 13
2900 13
2901 13
2902 13
2903 13
2904 13
2905 13
2906 13
2907 13
2908 13
2909 13
2910 13
2911 13
2912 13
2913 13
2914 13
2915 13
2916 13
2917 13
2918 13
2919 13
2920 13
2921 13
2922 13
2923 13
2924 13
2925 13
2926 13
2927 13
2928 13
2929 13
2930 13
2931 13
2932 13
2933 13
2934 13
2935 13
2936 13
2937 13
2938 13
2939 13
2940 13
2941 13
2942 13
2943 13
2944 13
2945 13
2946 13
2947 13
2948 13
2949 13
2950 13
2951 13
2952 13
2953 13
2954 13
2955 13
2956 13
2957 13
2958 13
2959 13
2960 13
2961 13
2962 13
2963 13
2964 13
2965 13
2966 13
2967 13
2968 13
2969 13
2970 13
2971 13
2972 13
2973 13
2974 13
2975 13
2976 13
2977 13
2978 13
2979 13
2980 13
2981 13
2982 13
2983 13
2984 13
2985 13
2986 13
2987 13
2988 13
2989 13
2990 13
2991 13
2992 13
2993 13
2994 13
2995 13
2996 13
2997 13
2998 13
2999 13
3000 13
3001 13
3002 13
3003 13
3004 13
3005 13
3006 13
3007 13
3008 13
3009 13
3010 13
3011 13
3012 13
3013 13
3014 13
3015 13
3016 13
3017 13
3018 13
3019 13
3020 13
3021 13
3022 13
3023 13
3024 13
3025 13
3026 13
3027 13
3028 13
3029 13
3030 13
3031 13
3032 13
3033 13
3034 13
3035 13
3036 13
3037 13
3038 13
3039 13
3040 13
3041 13
3042 13
3043 13
3044 13
3045 13
3046 13
3047 13
3048 13
3049 13
3050 13
3051 13
3052 13
3053 13
3054 13
3055 13
3056 13
3057 13
3058 13
3059 13
3060 13
3061 13
3062 13
3063 13
3064 13
3065 13
3066 13
3067 13
3068 13
3069 13
3070 13
3071 13
3072 13
3073 13
3074 13
3075 13
3076 13
3077 13
3078 13
3079 13
3080 13
3081 13
3082 13
3083 13
3084 13
3085 13
3086 13
3087 13
3088 13
3089 13
3090 13
3091 13
3092 13
3093 13
3094 13
3095 13
3096 13
3097 13
3098 13
3099 13
3100 13
3101 13
3102 13
3103 13
3104 13
3105 13
3106 13
3107 13
3108 13
3109 13
3110 13
3111 13
3112 13
3113 13
3114 13
3115 13
3116 13
3117 13
3118 13
3119 13
3120 13
3121 13
3122 13
3123 13
3124 13
3125 13
3126 13
3127 13
3128 13
3129 13
3130 13
3131 13
3132 13
3133 13
3134 13
3135 13
3136 13
3137 13
3138 13
3139 13
3140 13
3141 13
3142 13
3143 13
3144 13
3145 13
3146 13
3147 13
3148 13
3149 13
3150 13
3151 13
3152 13
3153 13
3154 13
3155 13
3156 13
3157 13
3158 13
3159 13
3160 13
3161 13
3162 13
3163 13
3164 13
3165 13
3166 13
3167 13
3168 13
3169 13
3170 13
3171 13
3172 13
3173 13
3174 13
3175 13
3176 13
3177 13
3178 13
3179 13
3180 13
3181 13
3182 13
3183 13
3184 13
3185 13
3186 13
3187 13
3188 13
3189 13
3190 13
3191 13
3192 13
3193 13
3194 13
3195 13
3196 13
3197 13
3198 13
3199 13
3200 13
3201 13
3202 13
3203 13
3204 13
3205 13
3206 13
3207 13
3208 13
3209 13
3210 13
3211 13
3212 13
3213 13
3214 13
3215 13
3216 13
3217 13
3218 13
3219 13
3220 13
3221 13
3222 13
3223 13
3224 13
3225 13
3226 13
3227 13
3228 13
3229 13
3230 13
3231 13
3232 13
3233 13
3234 13
3235 13
3236 13
3237 13
3238 13
3239 13
3240 13
3241 13
3242 13
3243 13
3244 13
3245 13
3246 13
3247 13
3248 13
3249 13
3250 13
3251 13
3252 13
3253 13
3254 13
3255 13
3256 13
3257 13
3258 13
3259 13
3260 13
3261 13
3262 13
3263 13
3264 13
3265 13
3266 13
3267 13
3268 13
3269 13
3270 13
3271 13
3272 13
3273 13
3274 13
3275 13
3276 13
3277 13
3278 13
3279 13
3280 13
3281 13
3282 13
3283 13
3284 13
3285 13
3286 13
3287 13
3288 13
3289 13
3290 13
3291 13
3292 13
3293 13
3294 13
3295 13
3296 13
3297 13
3298 13
3299 13
3300 13
3301 13
3302 13
3303 13
3304 13
3305 13
3306 13
3307 13
3308 13
3309 13
3310 13
3311 13
3312 13
3313 13
3314 13
3315 13
3316 13
3317 13
3318 13
3319 13
3320 13
3321 13
3322 13
3323 13
3324 13
3325 13
3326 13
3327 13
3328 13
3329 13
3330 13
3331 13
3332 13
3333 13
3334 13
3335 13
3336 13
3337 13
3338 13
3339 13
3340 13
3341 13
3342 13
3343 13
3344 13
3345 13
3346 13
3347 13
3348 13
3349 13
3350 13
3351 13
3352 13
3353 13
3354 13
3355 13
3356 13
3357 13
3358 13
3359 13
3360 13
3361 13
3362 13
3363 13
3364 13
3365 13
3366 13
3367 13
3368 13
3369 13
3370 13
3371 13
3372 13
3373 13
3374 13
3375 13
3376 13
3377 13
3378 13
3379 13
3380 13
3381 13
3382 13
3383 13
3384 13
3385 13
3386 13
3387 13
3388 13
3389 13
3390 13
3391 13
3392 13
3393 13
3394 13
3395 13
3396 13
3397 13
3398 13
3399 13
3400 13
3401 13
3402 13
3403 13
3404 13
3405 13
3406 13
3407 13
3408 13
3409 13
3410 13
3411 13
3412 13
3413 13
3414 13
3415 13
3416 13
3417 13
3418 13
3419 13
3420 13
3421 13
3422 13
3423 13
3424 13
3425 13
3426 13
3427 13
3428 13
3429 13
3430 13
3431 13
3432 13
3433 13
3434 13
3435 13
3436 13
3437 13
3438 13
3439 13
3440 13
3441 13
3442 13
3443 13
3444 13
3445 13
3446 13
3447 13
3448 13
3449 13
3450 13
3451 13
3452 13
3453 13
3454 13
3455 13
3456 13
3457 13
3458 13
3459 13
3460 13
3461 13
3462 13
3463 13
3464 13
3465 13
3466 13
3467 13
3468 13
3469 13
3470 13
3471 13
3472 13
3473 13
3474 13
3475 13
3476 13
3477 13
3478 13
3479 13
3480 13
3481 13
3482 13
3483 13
3484 13
3485 13
3486 13
3487 13
3488 13
3489 13
3490 13
3491 13
3492 13
3493 13
3494 13
3495 13
3496 13
3497 13
3498 13
3499 13
3500 13
3501 13
3502 13
3503 13
3504 13
3505 13
3506 13
3507 13
3508 13
3509 13
3510 13
3511 13
3512 13
3513 13
3514 13
3515 13
3516 13
3517 13
3518 13
3519 13
3520 13
3521 13
3522 13
3523 13
3524 13
3525 13
3526 13
3527 13
3528 13
3529 13
3530 13
3531 13
3532 13
3533 13
3534 13
3535 13
3536 13
3537 13
3538 13
3539 13
3540 13
3541 13
3542 13
3543 13
3544 13
3545 13
3546 13
3547 13
3548 13
3549 13
3550 13
3551 13
3552 13
3553 13
3554 13
3555 13
3556 13
3557 13
3558 13
3559 13
3560 13
3561 13
3562 13
3563 13
3564 13
3565 13
3566 13
3567 13
3568 13
3569 13
3570 13
3571 13
3572 13
3573 13
3574 13
3575 13
3576 13
3577 13
3578 13
3579 13
3580 13
3581 13
3582 13
3583 13
3584 13
3585 13
3586 13
3587 13
3588 13
3589 13
3590 13
3591 13
3592 13
3593 13
3594 13
3595 13
3596 13
3597 13
3598 13
3599 13
3600 13
3601 13
3602 13
3603 13
3604 13
3605 13
3606 13
3607 13
3608 13
3609 13
3610 13
3611 13
3612 13
3613 13
3614 13
3615 13
3616 13
3617 13
3618 13
3619 13
3620 13
3621 13
3622 13
3623 13
3624 13
3625 13
3626 13
3627 13
3628 13
3629 13
3630 13
3631 13
3632 13
3633 13
3634 13
3635 13
3636 13
3637 13
3638 13
3639 13
3640 13
3641 13
3642 13
3643 13
3644 13
3645 13
3646 13
3647 13
3648 13
3649 13
3650 13
3651 13
3652 13
3653 13
3654 13
3655 13
3656 13
3657 13
3658 13
3659 13
3660 13
3661 13
3662 13
3663 13
3664 13
3665 13
3666 13
3667 13
3668 13
3669 13
3670 13
3671 13
3672 13
3673 13
3674 13
3675 13
3676 13
3677 13
3678 13
3679 13
3680 13
3681 13
3682 13
3683 13
3684 13
3685 13
3686 13
3687 13
3688 13
3689 13
3690 13
3691 13
3692 13
3693 13
3694 13
3695 13
3696 13
3697 13
3698 13
3699 13
3700 13
3701 13
3702 13
3703 13
3704 13
3705 13
3706 13
3707 13
3708 13
3709 13
3710 13
3711 13
3712 13
3713 13
3714 13
3715 13
3716 13
3717 13
3718 13
3719 13
3720 13
3721 13
3722 13
3723 13
3724 13
3725 13
3726 13
3727 13
3728 13
3729 13
3730 13
3731 13
3732 13
3733 13
3734 13
3735 13
3736 13
3737 13
3738 13
3739 13
3740 13
3741 13
3742 13
3743 13
3744 13
3745 13
3746 13
3747 13
3748 13
3749 13
3750 13
3751 13
3752 13
3753 13
3754 13
3755 13
3756 13
3757 13
3758 13
3759 13
3760 13
3761 13
3762 13
3763 13
3764 13
3765 13
3766 13
3767 13
3768 13
3769 13
3770 13
3771 13
3772 13
3773 13
3774 13
3775 13
3776 13
3777 13
3778 13
3779 13
3780 13
3781 13
3782 13
3783 13
3784 13
3785 13
3786 13
3787 13
3788 13
3789 13
3790 13
3791 13
3792 13
3793 13
3794 13
3795 13
3796 13
3797 13
3798 13
3799 13
3800 13
3801 13
3802 13
3803 13
3804 13
3805 13
3806 13
3807 13
3808 13
3809 13
3810 13
3811 13
3812 13
3813 13
3814 13
3815 13
3816 13
3817 13
3818 13
3819 13
3820 13
3821 13
3822 13
3823 13
3824 13
3825 13
3826 13
3827 13
3828 13
3829 13
3830 13
3831 13
3832 13
3833 13
3834 13
3835 13
3836 13
3837 13
3838 13
3839 13
3840 13
3841 13
3842 13
3843 13
3844 13
3845 13
3846 13
3847 13
3848 13
3849 13
3850 13
3851 13
3852 13
3853 13
3854 13
3855 13
3856 13
3857 13
3858 13
3859 13
3860 13
3861 13
3862 13
3863 13
3864 13
3865 13
3866 13
3867 13
3868 13
3869 13
3870 13
3871 13
3872 13
3873 13
3874 13
3875 13
3876 13
3877 13
3878 13
3879 13
3880 13
3881 13
3882 13
3883 13
3884 13
3885 13
3886 13
3887 13
3888 13
3889 13
3890 13
3891 13
3892 13
3893 13
3894 13
3895 13
3896 13
3897 13
3898 13
3899 13
3900 13
3901 13
3902 13
3903 13
3904 13
3905 13
3906 13
3907 13
3908 13
3909 13
3910 13
3911 13
3912 13
3913 13
3914 13
3915 13
3916 13
3917 13
3918 13
3919 13
3920 13
3921 13
3922 13
3923 13
3924 13
3925 13
3926 13
3927 13
3928 13
3929 13
3930 13
3931 13
3932 13
3933 13
3934 13
3935 13
3936 13
3937 13
3938 13
3939 13
3940 13
3941 13
3942 13
3943 13
3944 13
3945 13
3946 13
3947 13
3948 13
3949 13
3950 13
3951 13
3952 13
3953 13
3954 13
3955 13
3956 13
3957 13
3958 13
3959 13
3960 13
3961 13
3962 13
3963 13
3964 13
3965 13
3966 13
3967 13
3968 13
3969 13
3970 13
3971 13
3972 13
3973 13
3974 13
3975 13
3976 13
3977 13
3978 13
3979 13
3980 13
3981 13
3982 13
3983 13
3984 13
3985 13
3986 13
3987 13
3988 13
3989 13
3990 13
3991 13
3992 13
3993 13
3994 13
3995 13
3996 13
3997 13
3998 13
3999 13
4000 13
4001 13
4002 13
4003 13
4004 13
4005 13
4006 13
4007 13
4008 13
4009 13
4010 13
4011 13
4012 13
4013 13
4014 13
4015 13
4016 13
4017 13
4018 13
4019 13
4020 13
4021 13
4022 13
4023 13
4024 13
4025 13
4026 13
4027 13
4028 13
4029 13
4030 13
4031 13
4032 13
4033 13
4034 13
4035 13
4036 13
4037 13
4038 13
4039 13
4040 13
4041 13
4042 13
4043 13
4044 13
4045 13
4046 13
4047 13
4048 13
4049 13
4050 13
4051 13
4052 13
4053 13
4054 13
4055 13
4056 13
4057 13
4058 13
4059 13
4060 13
4061 13
4062 13
4063 13
4064 13
4065 13
4066 13
4067 13
4068 13
4069 13
4070 13
4071 13
4072 13
4073 13
4074 13
4075 13
4076 13
4077 13
4078 13
4079 13
4080 13
4081 13
4082 13
4083 13
4084 13
4085 13
4086 13
4087 13
4088 13
4089 13
4090 13
4091 13
4092 13
4093 13
4094 13
4095 13
4096 13
4097 14
4098 14
4099 14
4100 14
4101 14
4102 14
4103 14
4104 14
4105 14
4106 14
4107 14
4108 14
4109 14
4110 14
4111 14
4112 14
4113 14
4114 14
4115 14
4116 14
4117 14
4118 14
4119 14
4120 14
4121 14
4122 14
4123 14
4124 14
4125 14
4126 14
4127 14
4128 14
4129 14
4130 14
4131 14
4132 14
4133 14
4134 14
4135 14
4136 14
4137 14
4138 14
4139 14
4140 14
4141 14
4142 14
4143 14
4144 14
4145 14
4146 14
4147 14
4148 14
4149 14
4150 14
4151 14
4152 14
4153 14
4154 14
4155 14
4156 14
4157 14
4158 14
4159 14
4160 14
4161 14
4162 14
4163 14
4164 14
4165 14
4166 14
4167 14
4168 14
4169 14
4170 14
4171 14
4172 14
4173 14
4174 14
4175 14
4176 14
4177 14
4178 14
4179 14
4180 14
4181 14
4182 14
4183 14
4184 14
4185 14
4186 14
4187 14
4188 14
4189 14
4190 14
4191 14
4192 14
4193 14
4194 14
4195 14
4196 14
4197 14
4198 14
4199 14
4200 14
4201 14
4202 14
4203 14
4204 14
4205 14
4206 14
4207 14
4208 14
4209 14
4210 14
4211 14
4212 14
4213 14
4214 14
4215 14
4216 14
4217 14
4218 14
4219 14
4220 14
4221 14
4222 14
4223 14
4224 14
4225 14
4226 14
4227 14
4228 14
4229 14
4230 14
4231 14
4232 14
4233 14
4234 14
4235 14
4236 14
4237 14
4238 14
4239 14
4240 14
4241 14
4242 14
4243 14
4244 14
4245 14
4246 14
4247 14
4248 14
4249 14
4250 14
4251 14
4252 14
4253 14
4254 14
4255 14
4256 14
4257 14
4258 14
4259 14
4260 14
4261 14
4262 14
4263 14
4264 14
4265 14
4266 14
4267 14
4268 14
4269 14
4270 14
4271 14
4272 14
4273 14
4274 14
4275 14
4276 14
4277 14
4278 14
4279 14
4280 14
4281 14
4282 14
4283 14
4284 14
4285 14
4286 14
4287 14
4288 14
4289 14
4290 14
4291 14
4292 14
4293 14
4294 14
4295 14
4296 14
4297 14
4298 14
4299 14
4300 14
4301 14
4302 14
4303 14
4304 14
4305 14
4306 14
4307 14
4308 14
4309 14
4310 14
4311 14
4312 14
4313 14
4314 14
4315 14
4316 14
4317 14
4318 14
4319 14
4320 14
4321 14
4322 14
4323 14
4324 14
4325 14
4326 14
4327 14
4328 14
4329 14
4330 14
4331 14
4332 14
4333 14
4334 14
4335 14
4336 14
4337 14
4338 14
4339 14
4340 14
4341 14
4342 14
4343 14
4344 14
4345 14
4346 14
4347 14
4348 14
4349 14
4350 14
4351 14
4352 14
4353 14
4354 14
4355 14
4356 14
4357 14
4358 14
4359 14
4360 14
4361 14
4362 14
4363 14
4364 14
4365 14
4366 14
4367 14
4368 14
4369 14
4370 14
4371 14
4372 14
4373 14
4374 14
4375 14
4376 14
4377 14
4378 14
4379 14
4380 14
4381 14
4382 14
4383 14
4384 14
4385 14
4386 14
4387 14
4388 14
4389 14
4390 14
4391 14
4392 14
4393 14
4394 14
4395 14
4396 14
4397 14
4398 14
4399 14
4400 14
4401 14
4402 14
4403 14
4404 14
4405 14
4406 14
4407 14
4408 14
4409 14
4410 14
4411 14
4412 14
4413 14
4414 14
4415 14
4416 14
4417 14
4418 14
4419 14
4420 14
4421 14
4422 14
4423 14
4424 14
4425 14
4426 14
4427 14
4428 14
4429 14
4430 14
4431 14
4432 14
4433 14
4434 14
4435 14
4436 14
4437 14
4438 14
4439 14
4440 14
4441 14
4442 14
4443 14
4444 14
4445 14
4446 14
4447 14
4448 14
4449 14
4450 14
4451 14
4452 14
4453 14
4454 14
4455 14
4456 14
4457 14
4458 14
4459 14
4460 14
4461 14
4462 14
4463 14
4464 14
4465 14
4466 14
4467 14
4468 14
4469 14
4470 14
4471 14
4472 14
4473 14
4474 14
4475 14
4476 14
4477 14
4478 14
4479 14
4480 14
4481 14
4482 14
4483 14
4484 14
4485 14
4486 14
4487 14
4488 14
4489 14
4490 14
4491 14
4492 14
4493 14
4494 14
4495 14
4496 14
4497 14
4498 14
4499 14
4500 14
4501 14
4502 14
4503 14
4504 14
4505 14
4506 14
4507 14
4508 14
4509 14
4510 14
4511 14
4512 14
4513 14
4514 14
4515 14
4516 14
4517 14
4518 14
4519 14
4520 14
4521 14
4522 14
4523 14
4524 14
4525 14
4526 14
4527 14
4528 14
4529 14
4530 14
4531 14
4532 14
4533 14
4534 14
4535 14
4536 14
4537 14
4538 14
4539 14
4540 14
4541 14
4542 14
4543 14
4544 14
4545 14
4546 14
4547 14
4548 14
4549 14
4550 14
4551 14
4552 14
4553 14
4554 14
4555 14
4556 14
4557 14
4558 14
4559 14
4560 14
4561 14
4562 14
4563 14
4564 14
4565 14
4566 14
4567 14
4568 14
4569 14
4570 14
4571 14
4572 14
4573 14
4574 14
4575 14
4576 14
4577 14
4578 14
4579 14
4580 14
4581 14
4582 14
4583 14
4584 14
4585 14
4586 14
4587 14
4588 14
4589 14
4590 14
4591 14
4592 14
4593 14
4594 14
4595 14
4596 14
4597 14
4598 14
4599 14
4600 14
4601 14
4602 14
4603 14
4604 14
4605 14
4606 14
4607 14
4608 14
4609 14
4610 14
4611 14
4612 14
4613 14
4614 14
4615 14
4616 14
4617 14
4618 14
4619 14
4620 14
4621 14
4622 14
4623 14
4624 14
4625 14
4626 14
4627 14
4628 14
4629 14
4630 14
4631 14
4632 14
4633 14
4634 14
4635 14
4636 14
4637 14
4638 14
4639 14
4640 14
4641 14
4642 14
4643 14
4644 14
4645 14
4646 14
4647 14
4648 14
4649 14
4650 14
4651 14
4652 14
4653 14
4654 14
4655 14
4656 14
4657 14
4658 14
4659 14
4660 14
4661 14
4662 14
4663 14
4664 14
4665 14
4666 14
4667 14
4668 14
4669 14
4670 14
4671 14
4672 14
4673 14
4674 14
4675 14
4676 14
4677 14
4678 14
4679 14
4680 14
4681 14
4682 14
4683 14
4684 14
4685 14
4686 14
4687 14
4688 14
4689 14
4690 14
4691 14
4692 14
4693 14
4694 14
4695 14
4696 14
4697 14
4698 14
4699 14
4700 14
4701 14
4702 14
4703 14
4704 14
4705 14
4706 14
4707 14
4708 14
4709 14
4710 14
4711 14
4712 14
4713 14
4714 14
4715 14
4716 14
4717 14
4718 14
4719 14
4720 14
4721 14
4722 14
4723 14
4724 14
4725 14
4726 14
4727 14
4728 14
4729 14
4730 14
4731 14
4732 14
4733 14
4734 14
4735 14
4736 14
4737 14
4738 14
4739 14
4740 14
4741 14
4742 14
4743 14
4744 14
4745 14
4746 14
4747 14
4748 14
4749 14
4750 14
4751 14
4752 14
4753 14
4754 14
4755 14
4756 14
4757 14
4758 14
4759 14
4760 14
4761 14
4762 14
4763 14
4764 14
4765 14
4766 14
4767 14
4768 14
4769 14
4770 14
4771 14
4772 14
4773 14
4774 14
4775 14
4776 14
4777 14
4778 14
4779 14
4780 14
4781 14
4782 14
4783 14
4784 14
4785 14
4786 14
4787 14
4788 14
4789 14
4790 14
4791 14
4792 14
4793 14
4794 14
4795 14
4796 14
4797 14
4798 14
4799 14
4800 14
4801 14
4802 14
4803 14
4804 14
4805 14
4806 14
4807 14
4808 14
4809 14
4810 14
4811 14
4812 14
4813 14
4814 14
4815 14
4816 14
4817 14
4818 14
4819 14
4820 14
4821 14
4822 14
4823 14
4824 14
4825 14
4826 14
4827 14
4828 14
4829 14
4830 14
4831 14
4832 14
4833 14
4834 14
4835 14
4836 14
4837 14
4838 14
4839 14
4840 14
4841 14
4842 14
4843 14
4844 14
4845 14
4846 14
4847 14
4848 14
4849 14
4850 14
4851 14
4852 14
4853 14
4854 14
4855 14
4856 14
4857 14
4858 14
4859 14
4860 14
4861 14
4862 14
4863 14
4864 14
4865 14
4866 14
4867 14
4868 14
4869 14
4870 14
4871 14
4872 14
4873 14
4874 14
4875 14
4876 14
4877 14
4878 14
4879 14
4880 14
4881 14
4882 14
4883 14
4884 14
4885 14
4886 14
4887 14
4888 14
4889 14
4890 14
4891 14
4892 14
4893 14
4894 14
4895 14
4896 14
4897 14
4898 14
4899 14
4900 14
4901 14
4902 14
4903 14
4904 14
4905 14
4906 14
4907 14
4908 14
4909 14
4910 14
4911 14
4912 14
4913 14
4914 14
4915 14
4916 14
4917 14
4918 14
4919 14
4920 14
4921 14
4922 14
4923 14
4924 14
4925 14
4926 14
4927 14
4928 14
4929 14
4930 14
4931 14
4932 14
4933 14
4934 14
4935 14
4936 14
4937 14
4938 14
4939 14
4940 14
4941 14
4942 14
4943 14
4944 14
4945 14
4946 14
4947 14
4948 14
4949 14
4950 14
4951 14
4952 14
4953 14
4954 14
4955 14
4956 14
4957 14
4958 14
4959 14
4960 14
4961 14
4962 14
4963 14
4964 14
4965 14
4966 14
4967 14
4968 14
4969 14
4970 14
4971 14
4972 14
4973 14
4974 14
4975 14
4976 14
4977 14
4978 14
4979 14
4980 14
4981 14
4982 14
4983 14
4984 14
4985 14
4986 14
4987 14
4988 14
4989 14
4990 14
4991 14
4992 14
4993 14
4994 14
4995 14
4996 14
4997 14
4998 14
4999 14
5000 14
5001 14
5002 14
5003 14
5004 14
5005 14
5006 14
5007 14
5008 14
5009 14
5010 14
5011 14
5012 14
5013 14
5014 14
5015 14
5016 14
5017 14
5018 14
5019 14
5020 14
5021 14
5022 14
5023 14
5024 14
5025 14
5026 14
5027 14
5028 14
5029 14
5030 14
5031 14
5032 14
5033 14
5034 14
5035 14
5036 14
5037 14
5038 14
5039 14
5040 14
5041 14
5042 14
5043 14
5044 14
5045 14
5046 14
5047 14
5048 14
5049 14
5050 14
5051 14
5052 14
5053 14
5054 14
5055 14
5056 14
5057 14
5058 14
5059 14
5060 14
5061 14
5062 14
5063 14
5064 14
5065 14
5066 14
5067 14
5068 14
5069 14
5070 14
5071 14
5072 14
5073 14
5074 14
5075 14
5076 14
5077 14
5078 14
5079 14
5080 14
5081 14
5082 14
5083 14
5084 14
5085 14
5086 14
5087 14
5088 14
5089 14
5090 14
5091 14
5092 14
5093 14
5094 14
5095 14
5096 14
5097 14
5098 14
5099 14
5100 14
5101 14
5102 14
5103 14
5104 14
5105 14
5106 14
5107 14
5108 14
5109 14
5110 14
5111 14
5112 14
5113 14
5114 14
5115 14
5116 14
5117 14
5118 14
5119 14
5120 14
5121 14
5122 14
5123 14
5124 14
5125 14
5126 14
5127 14
5128 14
5129 14
5130 14
5131 14
5132 14
5133 14
5134 14
5135 14
5136 14
5137 14
5138 14
5139 14
5140 14
5141 14
5142 14
5143 14
5144 14
5145 14
5146 14
5147 14
5148 14
5149 14
5150 14
5151 14
5152 14
5153 14
5154 14
5155 14
5156 14
5157 14
5158 14
5159 14
5160 14
5161 14
5162 14
5163 14
5164 14
5165 14
5166 14
5167 14
5168 14
5169 14
5170 14
5171 14
5172 14
5173 14
5174 14
5175 14
5176 14
5177 14
5178 14
5179 14
5180 14
5181 14
5182 14
5183 14
5184 14
5185 14
5186 14
5187 14
5188 14
5189 14
5190 14
5191 14
5192 14
5193 14
5194 14
5195 14
5196 14
5197 14
5198 14
5199 14
5200 14
5201 14
5202 14
5203 14
5204 14
5205 14
5206 14
5207 14
5208 14
5209 14
5210 14
5211 14
5212 14
5213 14
5214 14
5215 14
5216 14
5217 14
5218 14
5219 14
5220 14
5221 14
5222 14
5223 14
5224 14
5225 14
5226 14
5227 14
5228 14
5229 14
5230 14
5231 14
5232 14
5233 14
5234 14
5235 14
5236 14
5237 14
5238 14
5239 14
5240 14
5241 14
5242 14
5243 14
5244 14
5245 14
5246 14
5247 14
5248 14
5249 14
5250 14
5251 14
5252 14
5253 14
5254 14
5255 14
5256 14
5257 14
5258 14
5259 14
5260 14
5261 14
5262 14
5263 14
5264 14
5265 14
5266 14
5267 14
5268 14
5269 14
5270 14
5271 14
5272 14
5273 14
5274 14
5275 14
5276 14
5277 14
5278 14
5279 14
5280 14
5281 14
5282 14
5283 14
5284 14
5285 14
5286 14
5287 14
5288 14
5289 14
5290 14
5291 14
5292 14
5293 14
5294 14
5295 14
5296 14
5297 14
5298 14
5299 14
5300 14
5301 14
5302 14
5303 14
5304 14
5305 14
5306 14
5307 14
5308 14
5309 14
5310 14
5311 14
5312 14
5313 14
5314 14
5315 14
5316 14
5317 14
5318 14
5319 14
5320 14
5321 14
5322 14
5323 14
5324 14
5325 14
5326 14
5327 14
5328 14
5329 14
5330 14
5331 14
5332 14
5333 14
5334 14
5335 14
5336 14
5337 14
5338 14
5339 14
5340 14
5341 14
5342 14
5343 14
5344 14
5345 14
5346 14
5347 14
5348 14
5349 14
5350 14
5351 14
5352 14
5353 14
5354 14
5355 14
5356 14
5357 14
5358 14
5359 14
5360 14
5361 14
5362 14
5363 14
5364 14
5365 14
5366 14
5367 14
5368 14
5369 14
5370 14
5371 14
5372 14
5373 14
5374 14
5375 14
5376 14
5377 14
5378 14
5379 14
5380 14
5381 14
5382 14
5383 14
5384 14
5385 14
5386 14
5387 14
5388 14
5389 14
5390 14
5391 14
5392 14
5393 14
5394 14
5395 14
5396 14
5397 14
5398 14
5399 14
5400 14
5401 14
5402 14
5403 14
5404 14
5405 14
5406 14
5407 14
5408 14
5409 14
5410 14
5411 14
5412 14
5413 14
5414 14
5415 14
5416 14
5417 14
5418 14
5419 14
5420 14
5421 14
5422 14
5423 14
5424 14
5425 14
5426 14
5427 14
5428 14
5429 14
5430 14
5431 14
5432 14
5433 14
5434 14
5435 14
5436 14
5437 14
5438 14
5439 14
5440 14
5441 14
5442 14
5443 14
5444 14
5445 14
5446 14
5447 14
5448 14
5449 14
5450 14
5451 14
5452 14
5453 14
5454 14
5455 14
5456 14
5457 14
5458 14
5459 14
5460 14
5461 14
5462 14
5463 14
5464 14
5465 14
5466 14
5467 14
5468 14
5469 14
5470 14
5471 14
5472 14
5473 14
5474 14
5475 14
5476 14
5477 14
5478 14
5479 14
5480 14
5481 14
5482 14
5483 14
5484 14
5485 14
5486 14
5487 14
5488 14
5489 14
5490 14
5491 14
5492 14
5493 14
5494 14
5495 14
5496 14
5497 14
5498 14
5499 14
5500 14
5501 14
5502 14
5503 14
5504 14
5505 14
5506 14
5507 14
5508 14
5509 14
5510 14
5511 14
5512 14
5513 14
5514 14
5515 14
5516 14
5517 14
5518 14
5519 14
5520 14
5521 14
5522 14
5523 14
5524 14
5525 14
5526 14
5527 14
5528 14
5529 14
5530 14
5531 14
5532 14
5533 14
5534 14
5535 14
5536 14
5537 14
5538 14
5539 14
5540 14
5541 14
5542 14
5543 14
5544 14
5545 14
5546 14
5547 14
5548 14
5549 14
5550 14
5551 14
5552 14
5553 14
5554 14
5555 14
5556 14
5557 14
5558 14
5559 14
5560 14
5561 14
5562 14
5563 14
5564 14
5565 14
5566 14
5567 14
5568 14
5569 14
5570 14
5571 14
5572 14
5573 14
5574 14
5575 14
5576 14
5577 14
5578 14
5579 14
5580 14
5581 14
5582 14
5583 14
5584 14
5585 14
5586 14
5587 14
5588 14
5589 14
5590 14
5591 14
5592 14
5593 14
5594 14
5595 14
5596 14
5597 14
5598 14
5599 14
5600 14
5601 14
5602 14
5603 14
5604 14
5605 14
5606 14
5607 14
5608 14
5609 14
5610 14
5611 14
5612 14
5613 14
5614 14
5615 14
5616 14
5617 14
5618 14
5619 14
5620 14
5621 14
5622 14
5623 14
5624 14
5625 14
5626 14
5627 14
5628 14
5629 14
5630 14
5631 14
5632 14
5633 14
5634 14
5635 14
5636 14
5637 14
5638 14
5639 14
5640 14
5641 14
5642 14
5643 14
5644 14
5645 14
5646 14
5647 14
5648 14
5649 14
5650 14
5651 14
5652 14
5653 14
5654 14
5655 14
5656 14
5657 14
5658 14
5659 14
5660 14
5661 14
5662 14
5663 14
5664 14
5665 14
5666 14
5667 14
5668 14
5669 14
5670 14
5671 14
5672 14
5673 14
5674 14
5675 14
5676 14
5677 14
5678 14
5679 14
5680 14
5681 14
5682 14
5683 14
5684 14
5685 14
5686 14
5687 14
5688 14
5689 14
5690 14
5691 14
5692 14
5693 14
5694 14
5695 14
5696 14
5697 14
5698 14
5699 14
5700 14
5701 14
5702 14
5703 14
5704 14
5705 14
5706 14
5707 14
5708 14
5709 14
5710 14
5711 14
5712 14
5713 14
5714 14
5715 14
5716 14
5717 14
5718 14
5719 14
5720 14
5721 14
5722 14
5723 14
5724 14
5725 14
5726 14
5727 14
5728 14
5729 14
5730 14
5731 14
5732 14
5733 14
5734 14
5735 14
5736 14
5737 14
5738 14
5739 14
5740 14
5741 14
5742 14
5743 14
5744 14
5745 14
5746 14
5747 14
5748 14
5749 14
5750 14
5751 14
5752 14
5753 14
5754 14
5755 14
5756 14
5757 14
5758 14
5759 14
5760 14
5761 14
5762 14
5763 14
5764 14
5765 14
5766 14
5767 14
5768 14
5769 14
5770 14
5771 14
5772 14
5773 14
5774 14
5775 14
5776 14
5777 14
5778 14
5779 14
5780 14
5781 14
5782 14
5783 14
5784 14
5785 14
5786 14
5787 14
5788 14
5789 14
5790 14
5791 14
5792 14
5793 14
5794 14
5795 14
5796 14
5797 14
5798 14
5799 14
5800 14
5801 14
5802 14
5803 14
5804 14
5805 14
5806 14
5807 14
5808 14
5809 14
5810 14
5811 14
5812 14
5813 14
5814 14
5815 14
5816 14
5817 14
5818 14
5819 14
5820 14
5821 14
5822 14
5823 14
5824 14
5825 14
5826 14
5827 14
5828 14
5829 14
5830 14
5831 14
5832 14
5833 14
5834 14
5835 14
5836 14
5837 14
5838 14
5839 14
5840 14
5841 14
5842 14
5843 14
5844 14
5845 14
5846 14
5847 14
5848 14
5849 14
5850 14
5851 14
5852 14
5853 14
5854 14
5855 14
5856 14
5857 14
5858 14
5859 14
5860 14
5861 14
5862 14
5863 14
5864 14
5865 14
5866 14
5867 14
5868 14
5869 14
5870 14
5871 14
5872 14
5873 14
5874 14
5875 14
5876 14
5877 14
5878 14
5879 14
5880 14
5881 14
5882 14
5883 14
5884 14
5885 14
5886 14
5887 14
5888 14
5889 14
5890 14
5891 14
5892 14
5893 14
5894 14
5895 14
5896 14
5897 14
5898 14
5899 14
5900 14
5901 14
5902 14
5903 14
5904 14
5905 14
5906 14
5907 14
5908 14
5909 14
5910 14
5911 14
5912 14
5913 14
5914 14
5915 14
5916 14
5917 14
5918 14
5919 14
5920 14
5921 14
5922 14
5923 14
5924 14
5925 14
5926 14
5927 14
5928 14
5929 14
5930 14
5931 14
5932 14
5933 14
5934 14
5935 14
5936 14
5937 14
5938 14
5939 14
5940 14
5941 14
5942 14
5943 14
5944 14
5945 14
5946 14
5947 14
5948 14
5949 14
5950 14
5951 14
5952 14
5953 14
5954 14
5955 14
5956 14
5957 14
5958 14
5959 14
5960 14
5961 14
5962 14
5963 14
5964 14
5965 14
5966 14
5967 14
5968 14
5969 14
5970 14
5971 14
5972 14
5973 14
5974 14
5975 14
5976 14
5977 14
5978 14
5979 14
5980 14
5981 14
5982 14
5983 14
5984 14
5985 14
5986 14
5987 14
5988 14
5989 14
5990 14
5991 14
5992 14
5993 14
5994 14
5995 14
5996 14
5997 14
5998 14
5999 14
6000 14
6001 14
6002 14
6003 14
6004 14
6005 14
6006 14
6007 14
6008 14
6009 14
6010 14
6011 14
6012 14
6013 14
6014 14
6015 14
6016 14
6017 14
6018 14
6019 14
6020 14
6021 14
6022 14
6023 14
6024 14
6025 14
6026 14
6027 14
6028 14
6029 14
6030 14
6031 14
6032 14
6033 14
6034 14
6035 14
6036 14
6037 14
6038 14
6039 14
6040 14
6041 14
6042 14
6043 14
6044 14
6045 14
6046 14
6047 14
6048 14
6049 14
6050 14
6051 14
6052 14
6053 14
6054 14
6055 14
6056 14
6057 14
6058 14
6059 14
6060 14
6061 14
6062 14
6063 14
6064 14
6065 14
6066 14
6067 14
6068 14
6069 14
6070 14
6071 14
6072 14
6073 14
6074 14
6075 14
6076 14
6077 14
6078 14
6079 14
6080 14
6081 14
6082 14
6083 14
6084 14
6085 14
6086 14
6087 14
6088 14
6089 14
6090 14
6091 14
6092 14
6093 14
6094 14
6095 14
6096 14
6097 14
6098 14
6099 14
6100 14
6101 14
6102 14
6103 14
6104 14
6105 14
6106 14
6107 14
6108 14
6109 14
6110 14
6111 14
6112 14
6113 14
6114 14
6115 14
6116 14
6117 14
6118 14
6119 14
6120 14
6121 14
6122 14
6123 14
6124 14
6125 14
6126 14
6127 14
6128 14
6129 14
6130 14
6131 14
6132 14
6133 14
6134 14
6135 14
6136 14
6137 14
6138 14
6139 14
6140 14
6141 14
6142 14
6143 14
6144 14
6145 14
6146 14
6147 14
6148 14
6149 14
6150 14
6151 14
6152 14
6153 14
6154 14
6155 14
6156 14
6157 14
6158 14
6159 14
6160 14
6161 14
6162 14
6163 14
6164 14
6165 14
6166 14
6167 14
6168 14
6169 14
6170 14
6171 14
6172 14
6173 14
6174 14
6175 14
6176 14
6177 14
6178 14
6179 14
6180 14
6181 14
6182 14
6183 14
6184 14
6185 14
6186 14
6187 14
6188 14
6189 14
6190 14
6191 14
6192 14
6193 14
6194 14
6195 14
6196 14
6197 14
6198 14
6199 14
6200 14
6201 14
6202 14
6203 14
6204 14
6205 14
6206 14
6207 14
6208 14
6209 14
6210 14
6211 14
6212 14
6213 14
6214 14
6215 14
6216 14
6217 14
6218 14
6219 14
6220 14
6221 14
6222 14
6223 14
6224 14
6225 14
6226 14
6227 14
6228 14
6229 14
6230 14
6231 14
6232 14
6233 14
6234 14
6235 14
6236 14
6237 14
6238 14
6239 14
6240 14
6241 14
6242 14
6243 14
6244 14
6245 14
6246 14
6247 14
6248 14
6249 14
6250 14
6251 14
6252 14
6253 14
6254 14
6255 14
6256 14
6257 14
6258 14
6259 14
6260 14
6261 14
6262 14
6263 14
6264 14
6265 14
6266 14
6267 14
6268 14
6269 14
6270 14
6271 14
6272 14
6273 14
6274 14
6275 14
6276 14
6277 14
6278 14
6279 14
6280 14
6281 14
6282 14
6283 14
6284 14
6285 14
6286 14
6287 14
6288 14
6289 14
6290 14
6291 14
6292 14
6293 14
6294 14
6295 14
6296 14
6297 14
6298 14
6299 14
6300 14
6301 14
6302 14
6303 14
6304 14
6305 14
6306 14
6307 14
6308 14
6309 14
6310 14
6311 14
6312 14
6313 14
6314 14
6315 14
6316 14
6317 14
6318 14
6319 14
6320 14
6321 14
6322 14
6323 14
6324 14
6325 14
6326 14
6327 14
6328 14
6329 14
6330 14
6331 14
6332 14
6333 14
6334 14
6335 14
6336 14
6337 14
6338 14
6339 14
6340 14
6341 14
6342 14
6343 14
6344 14
6345 14
6346 14
6347 14
6348 14
6349 14
6350 14
6351 14
6352 14
6353 14
6354 14
6355 14
6356 14
6357 14
6358 14
6359 14
6360 14
6361 14
6362 14
6363 14
6364 14
6365 14
6366 14
6367 14
6368 14
6369 14
6370 14
6371 14
6372 14
6373 14
6374 14
6375 14
6376 14
6377 14
6378 14
6379 14
6380 14
6381 14
6382 14
6383 14
6384 14
6385 14
6386 14
6387 14
6388 14
6389 14
6390 14
6391 14
6392 14
6393 14
6394 14
6395 14
6396 14
6397 14
6398 14
6399 14
6400 14
6401 14
6402 14
6403 14
6404 14
6405 14
6406 14
6407 14
6408 14
6409 14
6410 14
6411 14
6412 14
6413 14
6414 14
6415 14
6416 14
6417 14
6418 14
6419 14
6420 14
6421 14
6422 14
6423 14
6424 14
6425 14
6426 14
6427 14
6428 14
6429 14
6430 14
6431 14
6432 14
6433 14
6434 14
6435 14
6436 14
6437 14
6438 14
6439 14
6440 14
6441 14
6442 14
6443 14
6444 14
6445 14
6446 14
6447 14
6448 14
6449 14
6450 14
6451 14
6452 14
6453 14
6454 14
6455 14
6456 14
6457 14
6458 14
6459 14
6460 14
6461 14
6462 14
6463 14
6464 14
6465 14
6466 14
6467 14
6468 14
6469 14
6470 14
6471 14
6472 14
6473 14
6474 14
6475 14
6476 14
6477 14
6478 14
6479 14
6480 14
6481 14
6482 14
6483 14
6484 14
6485 14
6486 14
6487 14
6488 14
6489 14
6490 14
6491 14
6492 14
6493 14
6494 14
6495 14
6496 14
6497 14
6498 14
6499 14
6500 14
6501 14
6502 14
6503 14
6504 14
6505 14
6506 14
6507 14
6508 14
6509 14
6510 14
6511 14
6512 14
6513 14
6514 14
6515 14
6516 14
6517 14
6518 14
6519 14
6520 14
6521 14
6522 14
6523 14
6524 14
6525 14
6526 14
6527 14
6528 14
6529 14
6530 14
6531 14
6532 14
6533 14
6534 14
6535 14
6536 14
6537 14
6538 14
6539 14
6540 14
6541 14
6542 14
6543 14
6544 14
6545 14
6546 14
6547 14
6548 14
6549 14
6550 14
6551 14
6552 14
6553 14
6554 14
6555 14
6556 14
6557 14
6558 14
6559 14
6560 14
6561 14
6562 14
6563 14
6564 14
6565 14
6566 14
6567 14
6568 14
6569 14
6570 14
6571 14
6572 14
6573 14
6574 14
6575 14
6576 14
6577 14
6578 14
6579 14
6580 14
6581 14
6582 14
6583 14
6584 14
6585 14
6586 14
6587 14
6588 14
6589 14
6590 14
6591 14
6592 14
6593 14
6594 14
6595 14
6596 14
6597 14
6598 14
6599 14
6600 14
6601 14
6602 14
6603 14
6604 14
6605 14
6606 14
6607 14
6608 14
6609 14
6610 14
6611 14
6612 14
6613 14
6614 14
6615 14
6616 14
6617 14
6618 14
6619 14
6620 14
6621 14
6622 14
6623 14
6624 14
6625 14
6626 14
6627 14
6628 14
6629 14
6630 14
6631 14
6632 14
6633 14
6634 14
6635 14
6636 14
6637 14
6638 14
6639 14
6640 14
6641 14
6642 14
6643 14
6644 14
6645 14
6646 14
6647 14
6648 14
6649 14
6650 14
6651 14
6652 14
6653 14
6654 14
6655 14
6656 14
6657 14
6658 14
6659 14
6660 14
6661 14
6662 14
6663 14
6664 14
6665 14
6666 14
6667 14
6668 14
6669 14
6670 14
6671 14
6672 14
6673 14
6674 14
6675 14
6676 14
6677 14
6678 14
6679 14
6680 14
6681 14
6682 14
6683 14
6684 14
6685 14
6686 14
6687 14
6688 14
6689 14
6690 14
6691 14
6692 14
6693 14
6694 14
6695 14
6696 14
6697 14
6698 14
6699 14
6700 14
6701 14
6702 14
6703 14
6704 14
6705 14
6706 14
6707 14
6708 14
6709 14
6710 14
6711 14
6712 14
6713 14
6714 14
6715 14
6716 14
6717 14
6718 14
6719 14
6720 14
6721 14
6722 14
6723 14
6724 14
6725 14
6726 14
6727 14
6728 14
6729 14
6730 14
6731 14
6732 14
6733 14
6734 14
6735 14
6736 14
6737 14
6738 14
6739 14
6740 14
6741 14
6742 14
6743 14
6744 14
6745 14
6746 14
6747 14
6748 14
6749 14
6750 14
6751 14
6752 14
6753 14
6754 14
6755 14
6756 14
6757 14
6758 14
6759 14
6760 14
6761 14
6762 14
6763 14
6764 14
6765 14
6766 14
6767 14
6768 14
6769 14
6770 14
6771 14
6772 14
6773 14
6774 14
6775 14
6776 14
6777 14
6778 14
6779 14
6780 14
6781 14
6782 14
6783 14
6784 14
6785 14
6786 14
6787 14
6788 14
6789 14
6790 14
6791 14
6792 14
6793 14
6794 14
6795 14
6796 14
6797 14
6798 14
6799 14
6800 14
6801 14
6802 14
6803 14
6804 14
6805 14
6806 14
6807 14
6808 14
6809 14
6810 14
6811 14
6812 14
6813 14
6814 14
6815 14
6816 14
6817 14
6818 14
6819 14
6820 14
6821 14
6822 14
6823 14
6824 14
6825 14
6826 14
6827 14
6828 14
6829 14
6830 14
6831 14
6832 14
6833 14
6834 14
6835 14
6836 14
6837 14
6838 14
6839 14
6840 14
6841 14
6842 14
6843 14
6844 14
6845 14
6846 14
6847 14
6848 14
6849 14
6850 14
6851 14
6852 14
6853 14
6854 14
6855 14
6856 14
6857 14
6858 14
6859 14
6860 14
6861 14
6862 14
6863 14
6864 14
6865 14
6866 14
6867 14
6868 14
6869 14
6870 14
6871 14
6872 14
6873 14
6874 14
6875 14
6876 14
6877 14
6878 14
6879 14
6880 14
6881 14
6882 14
6883 14
6884 14
6885 14
6886 14
6887 14
6888 14
6889 14
6890 14
6891 14
6892 14
6893 14
6894 14
6895 14
6896 14
6897 14
6898 14
6899 14
6900 14
6901 14
6902 14
6903 14
6904 14
6905 14
6906 14
6907 14
6908 14
6909 14
6910 14
6911 14
6912 14
6913 14
6914 14
6915 14
6916 14
6917 14
6918 14
6919 14
6920 14
6921 14
6922 14
6923 14
6924 14
6925 14
6926 14
6927 14
6928 14
6929 14
6930 14
6931 14
6932 14
6933 14
6934 14
6935 14
6936 14
6937 14
6938 14
6939 14
6940 14
6941 14
6942 14
6943 14
6944 14
6945 14
6946 14
6947 14
6948 14
6949 14
6950 14
6951 14
6952 14
6953 14
6954 14
6955 14
6956 14
6957 14
6958 14
6959 14
6960 14
6961 14
6962 14
6963 14
6964 14
6965 14
6966 14
6967 14
6968 14
6969 14
6970 14
6971 14
6972 14
6973 14
6974 14
6975 14
6976 14
6977 14
6978 14
6979 14
6980 14
6981 14
6982 14
6983 14
6984 14
6985 14
6986 14
6987 14
6988 14
6989 14
6990 14
6991 14
6992 14
6993 14
6994 14
6995 14
6996 14
6997 14
6998 14
6999 14
7000 14
7001 14
7002 14
7003 14
7004 14
7005 14
7006 14
7007 14
7008 14
7009 14
7010 14
7011 14
7012 14
7013 14
7014 14
7015 14
7016 14
7017 14
7018 14
7019 14
7020 14
7021 14
7022 14
7023 14
7024 14
7025 14
7026 14
7027 14
7028 14
7029 14
7030 14
7031 14
7032 14
7033 14
7034 14
7035 14
7036 14
7037 14
7038 14
7039 14
7040 14
7041 14
7042 14
7043 14
7044 14
7045 14
7046 14
7047 14
7048 14
7049 14
7050 14
7051 14
7052 14
7053 14
7054 14
7055 14
7056 14
7057 14
7058 14
7059 14
7060 14
7061 14
7062 14
7063 14
7064 14
7065 14
7066 14
7067 14
7068 14
7069 14
7070 14
7071 14
7072 14
7073 14
7074 14
7075 14
7076 14
7077 14
7078 14
7079 14
7080 14
7081 14
7082 14
7083 14
7084 14
7085 14
7086 14
7087 14
7088 14
7089 14
7090 14
7091 14
7092 14
7093 14
7094 14
7095 14
7096 14
7097 14
7098 14
7099 14
7100 14
7101 14
7102 14
7103 14
7104 14
7105 14
7106 14
7107 14
7108 14
7109 14
7110 14
7111 14
7112 14
7113 14
7114 14
7115 14
7116 14
7117 14
7118 14
7119 14
7120 14
7121 14
7122 14
7123 14
7124 14
7125 14
7126 14
7127 14
7128 14
7129 14
7130 14
7131 14
7132 14
7133 14
7134 14
7135 14
7136 14
7137 14
7138 14
7139 14
7140 14
7141 14
7142 14
7143 14
7144 14
7145 14
7146 14
7147 14
7148 14
7149 14
7150 14
7151 14
7152 14
7153 14
7154 14
7155 14
7156 14
7157 14
7158 14
7159 14
7160 14
7161 14
7162 14
7163 14
7164 14
7165 14
7166 14
7167 14
7168 14
7169 14
7170 14
7171 14
7172 14
7173 14
7174 14
7175 14
7176 14
7177 14
7178 14
7179 14
7180 14
7181 14
7182 14
7183 14
7184 14
7185 14
7186 14
7187 14
7188 14
7189 14
7190 14
7191 14
7192 14
7193 14
7194 14
7195 14
7196 14
7197 14
7198 14
7199 14
7200 14
7201 14
7202 14
7203 14
7204 14
7205 14
7206 14
7207 14
7208 14
7209 14
7210 14
7211 14
7212 14
7213 14
7214 14
7215 14
7216 14
7217 14
7218 14
7219 14
7220 14
7221 14
7222 14
7223 14
7224 14
7225 14
7226 14
7227 14
7228 14
7229 14
7230 14
7231 14
7232 14
7233 14
7234 14
7235 14
7236 14
7237 14
7238 14
7239 14
7240 14
7241 14
7242 14
7243 14
7244 14
7245 14
7246 14
7247 14
7248 14
7249 14
7250 14
7251 14
7252 14
7253 14
7254 14
7255 14
7256 14
7257 14
7258 14
7259 14
7260 14
7261 14
7262 14
7263 14
7264 14
7265 14
7266 14
7267 14
7268 14
7269 14
7270 14
7271 14
7272 14
7273 14
7274 14
7275 14
7276 14
7277 14
7278 14
7279 14
7280 14
7281 14
7282 14
7283 14
7284 14
7285 14
7286 14
7287 14
7288 14
7289 14
7290 14
7291 14
7292 14
7293 14
7294 14
7295 14
7296 14
7297 14
7298 14
7299 14
7300 14
7301 14
7302 14
7303 14
7304 14
7305 14
7306 14
7307 14
7308 14
7309 14
7310 14
7311 14
7312 14
7313 14
7314 14
7315 14
7316 14
7317 14
7318 14
7319 14
7320 14
7321 14
7322 14
7323 14
7324 14
7325 14
7326 14
7327 14
7328 14
7329 14
7330 14
7331 14
7332 14
7333 14
7334 14
7335 14
7336 14
7337 14
7338 14
7339 14
7340 14
7341 14
7342 14
7343 14
7344 14
7345 14
7346 14
7347 14
7348 14
7349 14
7350 14
7351 14
7352 14
7353 14
7354 14
7355 14
7356 14
7357 14
7358 14
7359 14
7360 14
7361 14
7362 14
7363 14
7364 14
7365 14
7366 14
7367 14
7368 14
7369 14
7370 14
7371 14
7372 14
7373 14
7374 14
7375 14
7376 14
7377 14
7378 14
7379 14
7380 14
7381 14
7382 14
7383 14
7384 14
7385 14
7386 14
7387 14
7388 14
7389 14
7390 14
7391 14
7392 14
7393 14
7394 14
7395 14
7396 14
7397 14
7398 14
7399 14
7400 14
7401 14
7402 14
7403 14
7404 14
7405 14
7406 14
7407 14
7408 14
7409 14
7410 14
7411 14
7412 14
7413 14
7414 14
7415 14
7416 14
7417 14
7418 14
7419 14
7420 14
7421 14
7422 14
7423 14
7424 14
7425 14
7426 14
7427 14
7428 14
7429 14
7430 14
7431 14
7432 14
7433 14
7434 14
7435 14
7436 14
7437 14
7438 14
7439 14
7440 14
7441 14
7442 14
7443 14
7444 14
7445 14
7446 14
7447 14
7448 14
7449 14
7450 14
7451 14
7452 14
7453 14
7454 14
7455 14
7456 14
7457 14
7458 14
7459 14
7460 14
7461 14
7462 14
7463 14
7464 14
7465 14
7466 14
7467 14
7468 14
7469 14
7470 14
7471 14
7472 14
7473 14
7474 14
7475 14
7476 14
7477 14
7478 14
7479 14
7480 14
7481 14
7482 14
7483 14
7484 14
7485 14
7486 14
7487 14
7488 14
7489 14
7490 14
7491 14
7492 14
7493 14
7494 14
7495 14
7496 14
7497 14
7498 14
7499 14
7500 14
7501 14
7502 14
7503 14
7504 14
7505 14
7506 14
7507 14
7508 14
7509 14
7510 14
7511 14
7512 14
7513 14
7514 14
7515 14
7516 14
7517 14
7518 14
7519 14
7520 14
7521 14
7522 14
7523 14
7524 14
7525 14
7526 14
7527 14
7528 14
7529 14
7530 14
7531 14
7532 14
7533 14
7534 14
7535 14
7536 14
7537 14
7538 14
7539 14
7540 14
7541 14
7542 14
7543 14
7544 14
7545 14
7546 14
7547 14
7548 14
7549 14
7550 14
7551 14
7552 14
7553 14
7554 14
7555 14
7556 14
7557 14
7558 14
7559 14
7560 14
7561 14
7562 14
7563 14
7564 14
7565 14
7566 14
7567 14
7568 14
7569 14
7570 14
7571 14
7572 14
7573 14
7574 14
7575 14
7576 14
7577 14
7578 14
7579 14
7580 14
7581 14
7582 14
7583 14
7584 14
7585 14
7586 14
7587 14
7588 14
7589 14
7590 14
7591 14
7592 14
7593 14
7594 14
7595 14
7596 14
7597 14
7598 14
7599 14
7600 14
7601 14
7602 14
7603 14
7604 14
7605 14
7606 14
7607 14
7608 14
7609 14
7610 14
7611 14
7612 14
7613 14
7614 14
7615 14
7616 14
7617 14
7618 14
7619 14
7620 14
7621 14
7622 14
7623 14
7624 14
7625 14
7626 14
7627 14
7628 14
7629 14
7630 14
7631 14
7632 14
7633 14
7634 14
7635 14
7636 14
7637 14
7638 14
7639 14
7640 14
7641 14
7642 14
7643 14
7644 14
7645 14
7646 14
7647 14
7648 14
7649 14
7650 14
7651 14
7652 14
7653 14
7654 14
7655 14
7656 14
7657 14
7658 14
7659 14
7660 14
7661 14
7662 14
7663 14
7664 14
7665 14
7666 14
7667 14
7668 14
7669 14
7670 14
7671 14
7672 14
7673 14
7674 14
7675 14
7676 14
7677 14
7678 14
7679 14
7680 14
7681 14
7682 14
7683 14
7684 14
7685 14
7686 14
7687 14
7688 14
7689 14
7690 14
7691 14
7692 14
7693 14
7694 14
7695 14
7696 14
7697 14
7698 14
7699 14
7700 14
7701 14
7702 14
7703 14
7704 14
7705 14
7706 14
7707 14
7708 14
7709 14
7710 14
7711 14
7712 14
7713 14
7714 14
7715 14
7716 14
7717 14
7718 14
7719 14
7720 14
7721 14
7722 14
7723 14
7724 14
7725 14
7726 14
7727 14
7728 14
7729 14
7730 14
7731 14
7732 14
7733 14
7734 14
7735 14
7736 14
7737 14
7738 14
7739 14
7740 14
7741 14
7742 14
7743 14
7744 14
7745 14
7746 14
7747 14
7748 14
7749 14
7750 14
7751 14
7752 14
7753 14
7754 14
7755 14
7756 14
7757 14
7758 14
7759 14
7760 14
7761 14
7762 14
7763 14
7764 14
7765 14
7766 14
7767 14
7768 14
7769 14
7770 14
7771 14
7772 14
7773 14
7774 14
7775 14
7776 14
7777 14
7778 14
7779 14
7780 14
7781 14
7782 14
7783 14
7784 14
7785 14
7786 14
7787 14
7788 14
7789 14
7790 14
7791 14
7792 14
7793 14
7794 14
7795 14
7796 14
7797 14
7798 14
7799 14
7800 14
7801 14
7802 14
7803 14
7804 14
7805 14
7806 14
7807 14
7808 14
7809 14
7810 14
7811 14
7812 14
7813 14
7814 14
7815 14
7816 14
7817 14
7818 14
7819 14
7820 14
7821 14
7822 14
7823 14
7824 14
7825 14
7826 14
7827 14
7828 14
7829 14
7830 14
7831 14
7832 14
7833 14
7834 14
7835 14
7836 14
7837 14
7838 14
7839 14
7840 14
7841 14
7842 14
7843 14
7844 14
7845 14
7846 14
7847 14
7848 14
7849 14
7850 14
7851 14
7852 14
7853 14
7854 14
7855 14
7856 14
7857 14
7858 14
7859 14
7860 14
7861 14
7862 14
7863 14
7864 14
7865 14
7866 14
7867 14
7868 14
7869 14
7870 14
7871 14
7872 14
7873 14
7874 14
7875 14
7876 14
7877 14
7878 14
7879 14
7880 14
7881 14
7882 14
7883 14
7884 14
7885 14
7886 14
7887 14
7888 14
7889 14
7890 14
7891 14
7892 14
7893 14
7894 14
7895 14
7896 14
7897 14
7898 14
7899 14
7900 14
7901 14
7902 14
7903 14
7904 14
7905 14
7906 14
7907 14
7908 14
7909 14
7910 14
7911 14
7912 14
7913 14
7914 14
7915 14
7916 14
7917 14
7918 14
7919 14
7920 14
7921 14
7922 14
7923 14
7924 14
7925 14
7926 14
7927 14
7928 14
7929 14
7930 14
7931 14
7932 14
7933 14
7934 14
7935 14
7936 14
7937 14
7938 14
7939 14
7940 14
7941 14
7942 14
7943 14
7944 14
7945 14
7946 14
7947 14
7948 14
7949 14
7950 14
7951 14
7952 14
7953 14
7954 14
7955 14
7956 14
7957 14
7958 14
7959 14
7960 14
7961 14
7962 14
7963 14
7964 14
7965 14
7966 14
7967 14
7968 14
7969 14
7970 14
7971 14
7972 14
7973 14
7974 14
7975 14
7976 14
7977 14
7978 14
7979 14
7980 14
7981 14
7982 14
7983 14
7984 14
7985 14
7986 14
7987 14
7988 14
7989 14
7990 14
7991 14
7992 14
7993 14
7994 14
7995 14
7996 14
7997 14
7998 14
7999 14
8000 14
8001 14
8002 14
8003 14
8004 14
8005 14
8006 14
8007 14
8008 14
8009 14
8010 14
8011 14
8012 14
8013 14
8014 14
8015 14
8016 14
8017 14
8018 14
8019 14
8020 14
8021 14
8022 14
8023 14
8024 14
8025 14
8026 14
8027 14
8028 14
8029 14
8030 14
8031 14
8032 14
8033 14
8034 14
8035 14
8036 14
8037 14
8038 14
8039 14
8040 14
8041 14
8042 14
8043 14
8044 14
8045 14
8046 14
8047 14
8048 14
8049 14
8050 14
8051 14
8052 14
8053 14
8054 14
8055 14
8056 14
8057 14
8058 14
8059 14
8060 14
8061 14
8062 14
8063 14
8064 14
8065 14
8066 14
8067 14
8068 14
8069 14
8070 14
8071 14
8072 14
8073 14
8074 14
8075 14
8076 14
8077 14
8078 14
8079 14
8080 14
8081 14
8082 14
8083 14
8084 14
8085 14
8086 14
8087 14
8088 14
8089 14
8090 14
8091 14
8092 14
8093 14
8094 14
8095 14
8096 14
8097 14
8098 14
8099 14
8100 14
8101 14
8102 14
8103 14
8104 14
8105 14
8106 14
8107 14
8108 14
8109 14
8110 14
8111 14
8112 14
8113 14
8114 14
8115 14
8116 14
8117 14
8118 14
8119 14
8120 14
8121 14
8122 14
8123 14
8124 14
8125 14
8126 14
8127 14
8128 14
8129 14
8130 14
8131 14
8132 14
8133 14
8134 14
8135 14
8136 14
8137 14
8138 14
8139 14
8140 14
8141 14
8142 14
8143 14
8144 14
8145 14
8146 14
8147 14
8148 14
8149 14
8150 14
8151 14
8152 14
8153 14
8154 14
8155 14
8156 14
8157 14
8158 14
8159 14
8160 14
8161 14
8162 14
8163 14
8164 14
8165 14
8166 14
8167 14
8168 14
8169 14
8170 14
8171 14
8172 14
8173 14
8174 14
8175 14
8176 14
8177 14
8178 14
8179 14
8180 14
8181 14
8182 14
8183 14
8184 14
8185 14
8186 14
8187 14
8188 14
8189 14
8190 14
8191 14
8192 14
8193 15
8194 15
8195 15
8196 15
8197 15
8198 15
8199 15
8200 15
8201 15
8202 15
8203 15
8204 15
8205 15
8206 15
8207 15
8208 15
8209 15
8210 15
8211 15
8212 15
8213 15
8214 15
8215 15
8216 15
8217 15
8218 15
8219 15
8220 15
8221 15
8222 15
8223 15
8224 15
8225 15
8226 15
8227 15
8228 15
8229 15
8230 15
8231 15
8232 15
8233 15
8234 15
8235 15
8236 15
8237 15
8238 15
8239 15
8240 15
8241 15
8242 15
8243 15
8244 15
8245 15
8246 15
8247 15
8248 15
8249 15
8250 15
8251 15
8252 15
8253 15
8254 15
8255 15
8256 15
8257 15
8258 15
8259 15
8260 15
8261 15
8262 15
8263 15
8264 15
8265 15
8266 15
8267 15
8268 15
8269 15
8270 15
8271 15
8272 15
8273 15
8274 15
8275 15
8276 15
8277 15
8278 15
8279 15
8280 15
8281 15
8282 15
8283 15
8284 15
8285 15
8286 15
8287 15
8288 15
8289 15
8290 15
8291 15
8292 15
8293 15
8294 15
8295 15
8296 15
8297 15
8298 15
8299 15
8300 15
8301 15
8302 15
8303 15
8304 15
8305 15
8306 15
8307 15
8308 15
8309 15
8310 15
8311 15
8312 15
8313 15
8314 15
8315 15
8316 15
8317 15
8318 15
8319 15
8320 15
8321 15
8322 15
8323 15
8324 15
8325 15
8326 15
8327 15
8328 15
8329 15
8330 15
8331 15
8332 15
8333 15
8334 15
8335 15
8336 15
8337 15
8338 15
8339 15
8340 15
8341 15
8342 15
8343 15
8344 15
8345 15
8346 15
8347 15
8348 15
8349 15
8350 15
8351 15
8352 15
8353 15
8354 15
8355 15
8356 15
8357 15
8358 15
8359 15
8360 15
8361 15
8362 15
8363 15
8364 15
8365 15
8366 15
8367 15
8368 15
8369 15
8370 15
8371 15
8372 15
8373 15
8374 15
8375 15
8376 15
8377 15
8378 15
8379 15
8380 15
8381 15
8382 15
8383 15
8384 15
8385 15
8386 15
8387 15
8388 15
8389 15
8390 15
8391 15
8392 15
8393 15
8394 15
8395 15
8396 15
8397 15
8398 15
8399 15
8400 15
8401 15
8402 15
8403 15
8404 15
8405 15
8406 15
8407 15
8408 15
8409 15
8410 15
8411 15
8412 15
8413 15
8414 15
8415 15
8416 15
8417 15
8418 15
8419 15
8420 15
8421 15
8422 15
8423 15
8424 15
8425 15
8426 15
8427 15
8428 15
8429 15
8430 15
8431 15
8432 15
8433 15
8434 15
8435 15
8436 15
8437 15
8438 15
8439 15
8440 15
8441 15
8442 15
8443 15
8444 15
8445 15
8446 15
8447 15
8448 15
8449 15
8450 15
8451 15
8452 15
8453 15
8454 15
8455 15
8456 15
8457 15
8458 15
8459 15
8460 15
8461 15
8462 15
8463 15
8464 15
8465 15
8466 15
8467 15
8468 15
8469 15
8470 15
8471 15
8472 15
8473 15
8474 15
8475 15
8476 15
8477 15
8478 15
8479 15
8480 15
8481 15
8482 15
8483 15
8484 15
8485 15
8486 15
8487 15
8488 15
8489 15
8490 15
8491 15
8492 15
8493 15
8494 15
8495 15
8496 15
8497 15
8498 15
8499 15
8500 15
8501 15
8502 15
8503 15
8504 15
8505 15
8506 15
8507 15
8508 15
8509 15
8510 15
8511 15
8512 15
8513 15
8514 15
8515 15
8516 15
8517 15
8518 15
8519 15
8520 15
8521 15
8522 15
8523 15
8524 15
8525 15
8526 15
8527 15
8528 15
8529 15
8530 15
8531 15
8532 15
8533 15
8534 15
8535 15
8536 15
8537 15
8538 15
8539 15
8540 15
8541 15
8542 15
8543 15
8544 15
8545 15
8546 15
8547 15
8548 15
8549 15
8550 15
8551 15
8552 15
8553 15
8554 15
8555 15
8556 15
8557 15
8558 15
8559 15
8560 15
8561 15
8562 15
8563 15
8564 15
8565 15
8566 15
8567 15
8568 15
8569 15
8570 15
8571 15
8572 15
8573 15
8574 15
8575 15
8576 15
8577 15
8578 15
8579 15
8580 15
8581 15
8582 15
8583 15
8584 15
8585 15
8586 15
8587 15
8588 15
8589 15
8590 15
8591 15
8592 15
8593 15
8594 15
8595 15
8596 15
8597 15
8598 15
8599 15
8600 15
8601 15
8602 15
8603 15
8604 15
8605 15
8606 15
8607 15
8608 15
8609 15
8610 15
8611 15
8612 15
8613 15
8614 15
8615 15
8616 15
8617 15
8618 15
8619 15
8620 15
8621 15
8622 15
8623 15
8624 15
8625 15
8626 15
8627 15
8628 15
8629 15
8630 15
8631 15
8632 15
8633 15
8634 15
8635 15
8636 15
8637 15
8638 15
8639 15
8640 15
8641 15
8642 15
8643 15
8644 15
8645 15
8646 15
8647 15
8648 15
8649 15
8650 15
8651 15
8652 15
8653 15
8654 15
8655 15
8656 15
8657 15
8658 15
8659 15
8660 15
8661 15
8662 15
8663 15
8664 15
8665 15
8666 15
8667 15
8668 15
8669 15
8670 15
8671 15
8672 15
8673 15
8674 15
8675 15
8676 15
8677 15
8678 15
8679 15
8680 15
8681 15
8682 15
8683 15
8684 15
8685 15
8686 15
8687 15
8688 15
8689 15
8690 15
8691 15
8692 15
8693 15
8694 15
8695 15
8696 15
8697 15
8698 15
8699 15
8700 15
8701 15
8702 15
8703 15
8704 15
8705 15
8706 15
8707 15
8708 15
8709 15
8710 15
8711 15
8712 15
8713 15
8714 15
8715 15
8716 15
8717 15
8718 15
8719 15
8720 15
8721 15
8722 15
8723 15
8724 15
8725 15
8726 15
8727 15
8728 15
8729 15
8730 15
8731 15
8732 15
8733 15
8734 15
8735 15
8736 15
8737 15
8738 15
8739 15
8740 15
8741 15
8742 15
8743 15
8744 15
8745 15
8746 15
8747 15
8748 15
8749 15
8750 15
8751 15
8752 15
8753 15
8754 15
8755 15
8756 15
8757 15
8758 15
8759 15
8760 15
8761 15
8762 15
8763 15
8764 15
8765 15
8766 15
8767 15
8768 15
8769 15
8770 15
8771 15
8772 15
8773 15
8774 15
8775 15
8776 15
8777 15
8778 15
8779 15
8780 15
8781 15
8782 15
8783 15
8784 15
8785 15
8786 15
8787 15
8788 15
8789 15
8790 15
8791 15
8792 15
8793 15
8794 15
8795 15
8796 15
8797 15
8798 15
8799 15
8800 15
8801 15
8802 15
8803 15
8804 15
8805 15
8806 15
8807 15
8808 15
8809 15
8810 15
8811 15
8812 15
8813 15
8814 15
8815 15
8816 15
8817 15
8818 15
8819 15
8820 15
8821 15
8822 15
8823 15
8824 15
8825 15
8826 15
8827 15
8828 15
8829 15
8830 15
8831 15
8832 15
8833 15
8834 15
8835 15
8836 15
8837 15
8838 15
8839 15
8840 15
8841 15
8842 15
8843 15
8844 15
8845 15
8846 15
8847 15
8848 15
8849 15
8850 15
8851 15
8852 15
8853 15
8854 15
8855 15
8856 15
8857 15
8858 15
8859 15
8860 15
8861 15
8862 15
8863 15
8864 15
8865 15
8866 15
8867 15
8868 15
8869 15
8870 15
8871 15
8872 15
8873 15
8874 15
8875 15
8876 15
8877 15
8878 15
8879 15
8880 15
8881 15
8882 15
8883 15
8884 15
8885 15
8886 15
8887 15
8888 15
8889 15
8890 15
8891 15
8892 15
8893 15
8894 15
8895 15
8896 15
8897 15
8898 15
8899 15
8900 15
8901 15
8902 15
8903 15
8904 15
8905 15
8906 15
8907 15
8908 15
8909 15
8910 15
8911 15
8912 15
8913 15
8914 15
8915 15
8916 15
8917 15
8918 15
8919 15
8920 15
8921 15
8922 15
8923 15
8924 15
8925 15
8926 15
8927 15
8928 15
8929 15
8930 15
8931 15
8932 15
8933 15
8934 15
8935 15
8936 15
8937 15
8938 15
8939 15
8940 15
8941 15
8942 15
8943 15
8944 15
8945 15
8946 15
8947 15
8948 15
8949 15
8950 15
8951 15
8952 15
8953 15
8954 15
8955 15
8956 15
8957 15
8958 15
8959 15
8960 15
8961 15
8962 15
8963 15
8964 15
8965 15
8966 15
8967 15
8968 15
8969 15
8970 15
8971 15
8972 15
8973 15
8974 15
8975 15
8976 15
8977 15
8978 15
8979 15
8980 15
8981 15
8982 15
8983 15
8984 15
8985 15
8986 15
8987 15
8988 15
8989 15
8990 15
8991 15
8992 15
8993 15
8994 15
8995 15
8996 15
8997 15
8998 15
8999 15
9000 15
9001 15
9002 15
9003 15
9004 15
9005 15
9006 15
9007 15
9008 15
9009 15
9010 15
9011 15
9012 15
9013 15
9014 15
9015 15
9016 15
9017 15
9018 15
9019 15
9020 15
9021 15
9022 15
9023 15
9024 15
9025 15
9026 15
9027 15
9028 15
9029 15
9030 15
9031 15
9032 15
9033 15
9034 15
9035 15
9036 15
9037 15
9038 15
9039 15
9040 15
9041 15
9042 15
9043 15
9044 15
9045 15
9046 15
9047 15
9048 15
9049 15
9050 15
9051 15
9052 15
9053 15
9054 15
9055 15
9056 15
9057 15
9058 15
9059 15
9060 15
9061 15
9062 15
9063 15
9064 15
9065 15
9066 15
9067 15
9068 15
9069 15
9070 15
9071 15
9072 15
9073 15
9074 15
9075 15
9076 15
9077 15
9078 15
9079 15
9080 15
9081 15
9082 15
9083 15
9084 15
9085 15
9086 15
9087 15
9088 15
9089 15
9090 15
9091 15
9092 15
9093 15
9094 15
9095 15
9096 15
9097 15
9098 15
9099 15
9100 15
9101 15
9102 15
9103 15
9104 15
9105 15
9106 15
9107 15
9108 15
9109 15
9110 15
9111 15
9112 15
9113 15
9114 15
9115 15
9116 15
9117 15
9118 15
9119 15
9120 15
9121 15
9122 15
9123 15
9124 15
9125 15
9126 15
9127 15
9128 15
9129 15
9130 15
9131 15
9132 15
9133 15
9134 15
9135 15
9136 15
9137 15
9138 15
9139 15
9140 15
9141 15
9142 15
9143 15
9144 15
9145 15
9146 15
9147 15
9148 15
9149 15
9150 15
9151 15
9152 15
9153 15
9154 15
9155 15
9156 15
9157 15
9158 15
9159 15
9160 15
9161 15
9162 15
9163 15
9164 15
9165 15
9166 15
9167 15
9168 15
9169 15
9170 15
9171 15
9172 15
9173 15
9174 15
9175 15
9176 15
9177 15
9178 15
9179 15
9180 15
9181 15
9182 15
9183 15
9184 15
9185 15
9186 15
9187 15
9188 15
9189 15
9190 15
9191 15
9192 15
9193 15
9194 15
9195 15
9196 15
9197 15
9198 15
9199 15
9200 15
9201 15
9202 15
9203 15
9204 15
9205 15
9206 15
9207 15
9208 15
9209 15
9210 15
9211 15
9212 15
9213 15
9214 15
9215 15
9216 15
9217 15
9218 15
9219 15
9220 15
9221 15
9222 15
9223 15
9224 15
9225 15
9226 15
9227 15
9228 15
9229 15
9230 15
9231 15
9232 15
9233 15
9234 15
9235 15
9236 15
9237 15
9238 15
9239 15
9240 15
9241 15
9242 15
9243 15
9244 15
9245 15
9246 15
9247 15
9248 15
9249 15
9250 15
9251 15
9252 15
9253 15
9254 15
9255 15
9256 15
9257 15
9258 15
9259 15
9260 15
9261 15
9262 15
9263 15
9264 15
9265 15
9266 15
9267 15
9268 15
9269 15
9270 15
9271 15
9272 15
9273 15
9274 15
9275 15
9276 15
9277 15
9278 15
9279 15
9280 15
9281 15
9282 15
9283 15
9284 15
9285 15
9286 15
9287 15
9288 15
9289 15
9290 15
9291 15
9292 15
9293 15
9294 15
9295 15
9296 15
9297 15
9298 15
9299 15
9300 15
9301 15
9302 15
9303 15
9304 15
9305 15
9306 15
9307 15
9308 15
9309 15
9310 15
9311 15
9312 15
9313 15
9314 15
9315 15
9316 15
9317 15
9318 15
9319 15
9320 15
9321 15
9322 15
9323 15
9324 15
9325 15
9326 15
9327 15
9328 15
9329 15
9330 15
9331 15
9332 15
9333 15
9334 15
9335 15
9336 15
9337 15
9338 15
9339 15
9340 15
9341 15
9342 15
9343 15
9344 15
9345 15
9346 15
9347 15
9348 15
9349 15
9350 15
9351 15
9352 15
9353 15
9354 15
9355 15
9356 15
9357 15
9358 15
9359 15
9360 15
9361 15
9362 15
9363 15
9364 15
9365 15
9366 15
9367 15
9368 15
9369 15
9370 15
9371 15
9372 15
9373 15
9374 15
9375 15
9376 15
9377 15
9378 15
9379 15
9380 15
9381 15
9382 15
9383 15
9384 15
9385 15
9386 15
9387 15
9388 15
9389 15
9390 15
9391 15
9392 15
9393 15
9394 15
9395 15
9396 15
9397 15
9398 15
9399 15
9400 15
9401 15
9402 15
9403 15
9404 15
9405 15
9406 15
9407 15
9408 15
9409 15
9410 15
9411 15
9412 15
9413 15
9414 15
9415 15
9416 15
9417 15
9418 15
9419 15
9420 15
9421 15
9422 15
9423 15
9424 15
9425 15
9426 15
9427 15
9428 15
9429 15
9430 15
9431 15
9432 15
9433 15
9434 15
9435 15
9436 15
9437 15
9438 15
9439 15
9440 15
9441 15
9442 15
9443 15
9444 15
9445 15
9446 15
9447 15
9448 15
9449 15
9450 15
9451 15
9452 15
9453 15
9454 15
9455 15
9456 15
9457 15
9458 15
9459 15
9460 15
9461 15
9462 15
9463 15
9464 15
9465 15
9466 15
9467 15
9468 15
9469 15
9470 15
9471 15
9472 15
9473 15
9474 15
9475 15
9476 15
9477 15
9478 15
9479 15
9480 15
9481 15
9482 15
9483 15
9484 15
9485 15
9486 15
9487 15
9488 15
9489 15
9490 15
9491 15
9492 15
9493 15
9494 15
9495 15
9496 15
9497 15
9498 15
9499 15
9500 15
9501 15
9502 15
9503 15
9504 15
9505 15
9506 15
9507 15
9508 15
9509 15
9510 15
9511 15
9512 15
9513 15
9514 15
9515 15
9516 15
9517 15
9518 15
9519 15
9520 15
9521 15
9522 15
9523 15
9524 15
9525 15
9526 15
9527 15
9528 15
9529 15
9530 15
9531 15
9532 15
9533 15
9534 15
9535 15
9536 15
9537 15
9538 15
9539 15
9540 15
9541 15
9542 15
9543 15
9544 15
9545 15
9546 15
9547 15
9548 15
9549 15
9550 15
9551 15
9552 15
9553 15
9554 15
9555 15
9556 15
9557 15
9558 15
9559 15
9560 15
9561 15
9562 15
9563 15
9564 15
9565 15
9566 15
9567 15
9568 15
9569 15
9570 15
9571 15
9572 15
9573 15
9574 15
9575 15
9576 15
9577 15
9578 15
9579 15
9580 15
9581 15
9582 15
9583 15
9584 15
9585 15
9586 15
9587 15
9588 15
9589 15
9590 15
9591 15
9592 15
9593 15
9594 15
9595 15
9596 15
9597 15
9598 15
9599 15
9600 15
9601 15
9602 15
9603 15
9604 15
9605 15
9606 15
9607 15
9608 15
9609 15
9610 15
9611 15
9612 15
9613 15
9614 15
9615 15
9616 15
9617 15
9618 15
9619 15
9620 15
9621 15
9622 15
9623 15
9624 15
9625 15
9626 15
9627 15
9628 15
9629 15
9630 15
9631 15
9632 15
9633 15
9634 15
9635 15
9636 15
9637 15
9638 15
9639 15
9640 15
9641 15
9642 15
9643 15
9644 15
9645 15
9646 15
9647 15
9648 15
9649 15
9650 15
9651 15
9652 15
9653 15
9654 15
9655 15
9656 15
9657 15
9658 15
9659 15
9660 15
9661 15
9662 15
9663 15
9664 15
9665 15
9666 15
9667 15
9668 15
9669 15
9670 15
9671 15
9672 15
9673 15
9674 15
9675 15
9676 15
9677 15
9678 15
9679 15
9680 15
9681 15
9682 15
9683 15
9684 15
9685 15
9686 15
9687 15
9688 15
9689 15
9690 15
9691 15
9692 15
9693 15
9694 15
9695 15
9696 15
9697 15
9698 15
9699 15
9700 15
9701 15
9702 15
9703 15
9704 15
9705 15
9706 15
9707 15
9708 15
9709 15
9710 15
9711 15
9712 15
9713 15
9714 15
9715 15
9716 15
9717 15
9718 15
9719 15
9720 15
9721 15
9722 15
9723 15
9724 15
9725 15
9726 15
9727 15
9728 15
9729 15
9730 15
9731 15
9732 15
9733 15
9734 15
9735 15
9736 15
9737 15
9738 15
9739 15
9740 15
9741 15
9742 15
9743 15
9744 15
9745 15
9746 15
9747 15
9748 15
9749 15
9750 15
9751 15
9752 15
9753 15
9754 15
9755 15
9756 15
9757 15
9758 15
9759 15
9760 15
9761 15
9762 15
9763 15
9764 15
9765 15
9766 15
9767 15
9768 15
9769 15
9770 15
9771 15
9772 15
9773 15
9774 15
9775 15
9776 15
9777 15
9778 15
9779 15
9780 15
9781 15
9782 15
9783 15
9784 15
9785 15
9786 15
9787 15
9788 15
9789 15
9790 15
9791 15
9792 15
9793 15
9794 15
9795 15
9796 15
9797 15
9798 15
9799 15
9800 15
9801 15
9802 15
9803 15
9804 15
9805 15
9806 15
9807 15
9808 15
9809 15
9810 15
9811 15
9812 15
9813 15
9814 15
9815 15
9816 15
9817 15
9818 15
9819 15
9820 15
9821 15
9822 15
9823 15
9824 15
9825 15
9826 15
9827 15
9828 15
9829 15
9830 15
9831 15
9832 15
9833 15
9834 15
9835 15
9836 15
9837 15
9838 15
9839 15
9840 15
9841 15
9842 15
9843 15
9844 15
9845 15
9846 15
9847 15
9848 15
9849 15
9850 15
9851 15
9852 15
9853 15
9854 15
9855 15
9856 15
9857 15
9858 15
9859 15
9860 15
9861 15
9862 15
9863 15
9864 15
9865 15
9866 15
9867 15
9868 15
9869 15
9870 15
9871 15
9872 15
9873 15
9874 15
9875 15
9876 15
9877 15
9878 15
9879 15
9880 15
9881 15
9882 15
9883 15
9884 15
9885 15
9886 15
9887 15
9888 15
9889 15
9890 15
9891 15
9892 15
9893 15
9894 15
9895 15
9896 15
9897 15
9898 15
9899 15
9900 15
9901 15
9902 15
9903 15
9904 15
9905 15
9906 15
9907 15
9908 15
9909 15
9910 15
9911 15
9912 15
9913 15
9914 15
9915 15
9916 15
9917 15
9918 15
9919 15
9920 15
9921 15
9922 15
9923 15
9924 15
9925 15
9926 15
9927 15
9928 15
9929 15
9930 15
9931 15
9932 15
9933 15
9934 15
9935 15
9936 15
9937 15
9938 15
9939 15
9940 15
9941 15
9942 15
9943 15
9944 15
9945 15
9946 15
9947 15
9948 15
9949 15
9950 15
9951 15
9952 15
9953 15
9954 15
9955 15
9956 15
9957 15
9958 15
9959 15
9960 15
9961 15
9962 15
9963 15
9964 15
9965 15
9966 15
9967 15
9968 15
9969 15
9970 15
9971 15
9972 15
9973 15
9974 15
9975 15
9976 15
9977 15
9978 15
9979 15
9980 15
9981 15
9982 15
9983 15
9984 15
9985 15
9986 15
9987 15
9988 15
9989 15
9990 15
9991 15
9992 15
9993 15
9994 15
9995 15
9996 15
9997 15
9998 15
9999 15
10000 15
