1 1
2 2
3 3
4 4
5 5
6 6
7 7
8 8
9 9
10 1
11 1
12 1
13 1
14 1
15 1
16 1
17 1
18 1
19 1
20 1
21 1
22 1
23 1
24 1
25 1
26 1
27 1
28 1
29 2
30 2
31 1
32 2
33 2
34 2
35 2
36 2
37 2
38 2
39 3
40 3
41 1
42 2
43 3
44 3
45 3
46 3
47 3
48 3
49 4
50 4
51 1
52 2
53 3
54 4
55 4
56 4
57 4
58 4
59 5
60 5
61 1
62 2
63 3
64 4
65 5
66 5
67 5
68 5
69 6
70 6
71 1
72 2
73 3
74 4
75 5
76 6
77 6
78 6
79 7
80 7
81 1
82 2
83 3
84 4
85 5
86 6
87 7
88 7
89 8
90 8
91 1
92 2
93 3
94 4
95 5
96 6
97 7
98 8
99 9
100 1
101 1
102 1
103 1
104 1
105 1
106 1
107 1
108 1
109 1
110 1
111 1
112 1
113 1
114 1
115 1
116 1
117 1
118 1
119 1
120 1
121 1
122 1
123 1
124 1
125 1
126 1
127 1
128 1
129 1
130 1
131 1
132 1
133 1
134 1
135 1
136 1
137 1
138 1
139 1
140 1
141 1
142 1
143 1
144 1
145 1
146 1
147 1
148 1
149 1
150 1
151 1
152 1
153 1
154 1
155 1
156 1
157 1
158 1
159 1
160 1
161 1
162 1
163 1
164 1
165 1
166 1
167 1
168 1
169 1
170 1
171 1
172 1
173 1
174 1
175 1
176 1
177 1
178 1
179 1
180 1
181 1
182 1
183 1
184 1
185 1
186 1
187 1
188 1
189 1
190 1
191 1
192 1
193 1
194 1
195 1
196 1
197 1
198 1
199 1
200 1
201 1
202 1
203 1
204 1
205 1
206 1
207 1
208 1
209 1
210 1
211 1
212 1
213 1
214 1
215 1
216 1
217 1
218 1
219 1
220 1
221 1
222 1
223 1
224 1
225 1
226 1
227 1
228 1
229 1
230 1
231 1
232 1
233 1
234 1
235 1
236 1
237 1
238 1
239 1
240 1
241 1
242 1
243 1
244 1
245 1
246 1
247 1
248 1
249 1
250 1
251 1
252 1
253 1
254 1
255 1
256 1
257 1
258 1
259 1
260 1
261 1
262 1
263 1
264 1
265 1
266 1
267 1
268 1
269 1
270 1
271 1
272 1
273 1
274 1
275 1
276 1
277 1
278 1
279 1
280 1
281 1
282 1
283 1
284 1
285 1
286 1
287 1
288 1
289 1
290 1
291 1
292 1
293 1
294 1
295 1
296 1
297 1
298 1
299 2
300 2
301 1
302 2
303 2
304 2
305 2
306 2
307 2
308 2
309 2
310 1
311 1
312 1
313 1
314 1
315 1
316 1
317 1
318 1
319 1
320 1
321 1
322 1
323 1
324 1
325 1
326 1
327 1
328 1
329 2
330 2
331 1
332 2
333 2
334 2
335 2
336 2
337 2
338 2
339 2
340 2
341 1
342 2
343 2
344 2
345 2
346 2
347 2
348 2
349 2
350 2
351 1
352 2
353 2
354 2
355 2
356 2
357 2
358 2
359 2
360 2
361 1
362 2
363 2
364 2
365 2
366 2
367 2
368 2
369 2
370 2
371 1
372 2
373 2
374 2
375 2
376 2
377 2
378 2
379 2
380 2
381 1
382 2
383 2
384 2
385 2
386 2
387 2
388 2
389 2
390 2
391 1
392 2
393 2
394 2
395 2
396 2
397 2
398 2
399 3
400 3
401 1
402 2
403 3
404 3
405 3
406 3
407 3
408 3
409 3
410 1
411 1
412 1
413 1
414 1
415 1
416 1
417 1
418 1
419 1
420 1
421 1
422 1
423 1
424 1
425 1
426 1
427 1
428 1
429 2
430 2
431 1
432 2
433 2
434 2
435 2
436 2
437 2
438 2
439 3
440 3
441 1
442 2
443 3
444 3
445 3
446 3
447 3
448 3
449 3
450 3
451 1
452 2
453 3
454 3
455 3
456 3
457 3
458 3
459 3
460 3
461 1
462 2
463 3
464 3
465 3
466 3
467 3
468 3
469 3
470 3
471 1
472 2
473 3
474 3
475 3
476 3
477 3
478 3
479 3
480 3
481 1
482 2
483 3
484 3
485 3
486 3
487 3
488 3
489 3
490 3
491 1
492 2
493 3
494 3
495 3
496 3
497 3
498 3
499 4
500 4
501 1
502 2
503 3
504 4
505 4
506 4
507 4
508 4
509 4
510 1
511 1
512 1
513 1
514 1
515 1
516 1
517 1
518 1
519 1
520 1
521 1
522 1
523 1
524 1
525 1
526 1
527 1
528 1
529 2
530 2
531 1
532 2
533 2
534 2
535 2
536 2
537 2
538 2
539 3
540 3
541 1
542 2
543 3
544 3
545 3
546 3
547 3
548 3
549 4
550 4
551 1
552 2
553 3
554 4
555 4
556 4
557 4
558 4
559 4
560 4
561 1
562 2
563 3
564 4
565 4
566 4
567 4
568 4
569 4
570 4
571 1
572 2
573 3
574 4
575 4
576 4
577 4
578 4
579 4
580 4
581 1
582 2
583 3
584 4
585 4
586 4
587 4
588 4
589 4
590 4
591 1
592 2
593 3
594 4
595 4
596 4
597 4
598 4
599 5
600 5
601 1
602 2
603 3
604 4
605 5
606 5
607 5
608 5
609 5
610 1
611 1
612 1
613 1
614 1
615 1
616 1
617 1
618 1
619 1
620 1
621 1
622 1
623 1
624 1
625 1
626 1
627 1
628 1
629 2
630 2
631 1
632 2
633 2
634 2
635 2
636 2
637 2
638 2
639 3
640 3
641 1
642 2
643 3
644 3
645 3
646 3
647 3
648 3
649 4
650 4
651 1
652 2
653 3
654 4
655 4
656 4
657 4
658 4
659 5
660 5
661 1
662 2
663 3
664 4
665 5
666 5
667 5
668 5
669 5
670 5
671 1
672 2
673 3
674 4
675 5
676 5
677 5
678 5
679 5
680 5
681 1
682 2
683 3
684 4
685 5
686 5
687 5
688 5
689 5
690 5
691 1
692 2
693 3
694 4
695 5
696 5
697 5
698 5
699 6
700 6
701 1
702 2
703 3
704 4
705 5
706 6
707 6
708 6
709 6
710 1
711 1
712 1
713 1
714 1
715 1
716 1
717 1
718 1
719 1
720 1
721 1
722 1
723 1
724 1
725 1
726 1
727 1
728 1
729 2
730 2
731 1
732 2
733 2
734 2
735 2
736 2
737 2
738 2
739 3
740 3
741 1
742 2
743 3
744 3
745 3
746 3
747 3
748 3
749 4
750 4
751 1
752 2
753 3
754 4
755 4
756 4
757 4
758 4
759 5
760 5
761 1
762 2
763 3
764 4
765 5
766 5
767 5
768 5
769 6
770 6
771 1
772 2
773 3
774 4
775 5
776 6
777 6
778 6
779 6
780 6
781 1
782 2
783 3
784 4
785 5
786 6
787 6
788 6
789 6
790 6
791 1
792 2
793 3
794 4
795 5
796 6
797 6
798 6
799 7
800 7
801 1
802 2
803 3
804 4
805 5
806 6
807 7
808 7
809 7
810 1
811 1
812 1
813 1
814 1
815 1
816 1
817 1
818 1
819 1
820 1
821 1
822 1
823 1
824 1
825 1
826 1
827 1
828 1
829 2
830 2
831 1
832 2
833 2
834 2
835 2
836 2
837 2
838 2
839 3
840 3
841 1
842 2
843 3
844 3
845 3
846 3
847 3
848 3
849 4
850 4
851 1
852 2
853 3
854 4
855 4
856 4
857 4
858 4
859 5
860 5
861 1
862 2
863 3
864 4
865 5
866 5
867 5
868 5
869 6
870 6
871 1
872 2
873 3
874 4
875 5
876 6
877 6
878 6
879 7
880 7
881 1
882 2
883 3
884 4
885 5
886 6
887 7
888 7
889 7
890 7
891 1
892 2
893 3
894 4
895 5
896 6
897 7
898 7
899 8
900 8
901 1
902 2
903 3
904 4
905 5
906 6
907 7
908 8
909 8
910 1
911 1
912 1
913 1
914 1
915 1
916 1
917 1
918 1
919 1
920 1
921 1
922 1
923 1
924 1
925 1
926 1
927 1
928 1
929 2
930 2
931 1
932 2
933 2
934 2
935 2
936 2
937 2
938 2
939 3
940 3
941 1
942 2
943 3
944 3
945 3
946 3
947 3
948 3
949 4
950 4
951 1
952 2
953 3
954 4
955 4
956 4
957 4
958 4
959 5
960 5
961 1
962 2
963 3
964 4
965 5
966 5
967 5
968 5
969 6
970 6
971 1
972 2
973 3
974 4
975 5
976 6
977 6
978 6
979 7
980 7
981 1
982 2
983 3
984 4
985 5
986 6
987 7
988 7
989 8
990 8
991 1
992 2
993 3
994 4
995 5
996 6
997 7
998 8
999 9
1000 1
1001 1
1002 1
1003 1
1004 1
1005 1
1006 1
1007 1
1008 1
1009 1
1010 1
1011 1
1012 1
1013 1
1014 1
1015 1
1016 1
1017 1
1018 1
1019 1
1020 1
1021 1
1022 1
1023 1
1024 1
1025 1
1026 1
1027 1
1028 1
1029 1
1030 1
1031 1
1032 1
1033 1
1034 1
1035 1
1036 1
1037 1
1038 1
1039 1
1040 1
1041 1
1042 1
1043 1
1044 1
1045 1
1046 1
1047 1
1048 1
1049 1
1050 1
1051 1
1052 1
1053 1
1054 1
1055 1
1056 1
1057 1
1058 1
1059 1
1060 1
1061 1
1062 1
1063 1
1064 1
1065 1
1066 1
1067 1
1068 1
1069 1
1070 1
1071 1
1072 1
1073 1
1074 1
1075 1
1076 1
1077 1
1078 1
1079 1
1080 1
1081 1
1082 1
1083 1
1084 1
1085 1
1086 1
1087 1
1088 1
1089 1
1090 1
1091 1
1092 1
1093 1
1094 1
1095 1
1096 1
1097 1
1098 1
1099 1
1100 1
1101 1
1102 1
1103 1
1104 1
1105 1
1106 1
1107 1
1108 1
1109 1
1110 1
1111 1
1112 1
1113 1
1114 1
1115 1
1116 1
1117 1
1118 1
1119 1
1120 1
1121 1
1122 1
1123 1
1124 1
1125 1
1126 1
1127 1
1128 1
1129 1
1130 1
1131 1
1132 1
1133 1
1134 1
1135 1
1136 1
1137 1
1138 1
1139 1
1140 1
1141 1
1142 1
1143 1
1144 1
1145 1
1146 1
1147 1
1148 1
1149 1
1150 1
1151 1
1152 1
1153 1
1154 1
1155 1
1156 1
1157 1
1158 1
1159 1
1160 1
1161 1
1162 1
1163 1
1164 1
1165 1
1166 1
1167 1
1168 1
1169 1
1170 1
1171 1
1172 1
1173 1
1174 1
1175 1
1176 1
1177 1
1178 1
1179 1
1180 1
1181 1
1182 1
1183 1
1184 1
1185 1
1186 1
1187 1
1188 1
1189 1
1190 1
1191 1
1192 1
1193 1
1194 1
1195 1
1196 1
1197 1
1198 1
1199 1
1200 1
1201 1
1202 1
1203 1
1204 1
1205 1
1206 1
1207 1
1208 1
1209 1
1210 1
1211 1
1212 1
1213 1
1214 1
1215 1
1216 1
1217 1
1218 1
1219 1
1220 1
1221 1
1222 1
1223 1
1224 1
1225 1
1226 1
1227 1
1228 1
1229 1
1230 1
1231 1
1232 1
1233 1
1234 1
1235 1
1236 1
1237 1
1238 1
1239 1
1240 1
1241 1
1242 1
1243 1
1244 1
1245 1
1246 1
1247 1
1248 1
1249 1
1250 1
1251 1
1252 1
1253 1
1254 1
1255 1
1256 1
1257 1
1258 1
1259 1
1260 1
1261 1
1262 1
1263 1
1264 1
1265 1
1266 1
1267 1
1268 1
1269 1
1270 1
1271 1
1272 1
1273 1
1274 1
1275 1
1276 1
1277 1
1278 1
1279 1
1280 1
1281 1
1282 1
1283 1
1284 1
1285 1
1286 1
1287 1
1288 1
1289 1
1290 1
1291 1
1292 1
1293 1
1294 1
1295 1
1296 1
1297 1
1298 1
1299 1
1300 1
1301 1
1302 1
1303 1
1304 1
1305 1
1306 1
1307 1
1308 1
1309 1
1310 1
1311 1
1312 1
1313 1
1314 1
1315 1
1316 1
1317 1
1318 1
1319 1
1320 1
1321 1
1322 1
1323 1
1324 1
1325 1
1326 1
1327 1
1328 1
1329 1
1330 1
1331 1
1332 1
1333 1
1334 1
1335 1
1336 1
1337 1
1338 1
1339 1
1340 1
1341 1
1342 1
1343 1
1344 1
1345 1
1346 1
1347 1
1348 1
1349 1
1350 1
1351 1
1352 1
1353 1
1354 1
1355 1
1356 1
1357 1
1358 1
1359 1
1360 1
1361 1
1362 1
1363 1
1364 1
1365 1
1366 1
1367 1
1368 1
1369 1
1370 1
1371 1
1372 1
1373 1
1374 1
1375 1
1376 1
1377 1
1378 1
1379 1
1380 1
1381 1
1382 1
1383 1
1384 1
1385 1
1386 1
1387 1
1388 1
1389 1
1390 1
1391 1
1392 1
1393 1
1394 1
1395 1
1396 1
1397 1
1398 1
1399 1
1400 1
1401 1
1402 1
1403 1
1404 1
1405 1
1406 1
1407 1
1408 1
1409 1
1410 1
1411 1
1412 1
1413 1
1414 1
1415 1
1416 1
1417 1
1418 1
1419 1
1420 1
1421 1
1422 1
1423 1
1424 1
1425 1
1426 1
1427 1
1428 1
1429 1
1430 1
1431 1
1432 1
1433 1
1434 1
1435 1
1436 1
1437 1
1438 1
1439 1
1440 1
1441 1
1442 1
1443 1
1444 1
1445 1
1446 1
1447 1
1448 1
1449 1
1450 1
1451 1
1452 1
1453 1
1454 1
1455 1
1456 1
1457 1
1458 1
1459 1
1460 1
1461 1
1462 1
1463 1
1464 1
1465 1
1466 1
1467 1
1468 1
1469 1
1470 1
1471 1
1472 1
1473 1
1474 1
1475 1
1476 1
1477 1
1478 1
1479 1
1480 1
1481 1
1482 1
1483 1
1484 1
1485 1
1486 1
1487 1
1488 1
1489 1
1490 1
1491 1
1492 1
1493 1
1494 1
1495 1
1496 1
1497 1
1498 1
1499 1
1500 1
1501 1
1502 1
1503 1
1504 1
1505 1
1506 1
1507 1
1508 1
1509 1
1510 1
1511 1
1512 1
1513 1
1514 1
1515 1
1516 1
1517 1
1518 1
1519 1
1520 1
1521 1
1522 1
1523 1
1524 1
1525 1
1526 1
1527 1
1528 1
1529 1
1530 1
1531 1
1532 1
1533 1
1534 1
1535 1
1536 1
1537 1
1538 1
1539 1
1540 1
1541 1
1542 1
1543 1
1544 1
1545 1
1546 1
1547 1
1548 1
1549 1
1550 1
1551 1
1552 1
1553 1
1554 1
1555 1
1556 1
1557 1
1558 1
1559 1
1560 1
1561 1
1562 1
1563 1
1564 1
1565 1
1566 1
1567 1
1568 1
1569 1
1570 1
1571 1
1572 1
1573 1
1574 1
1575 1
1576 1
1577 1
1578 1
1579 1
1580 1
1581 1
1582 1
1583 1
1584 1
1585 1
1586 1
1587 1
1588 1
1589 1
1590 1
1591 1
1592 1
1593 1
1594 1
1595 1
1596 1
1597 1
1598 1
1599 1
1600 1
1601 1
1602 1
1603 1
1604 1
1605 1
1606 1
1607 1
1608 1
1609 1
1610 1
1611 1
1612 1
1613 1
1614 1
1615 1
1616 1
1617 1
1618 1
1619 1
1620 1
1621 1
1622 1
1623 1
1624 1
1625 1
1626 1
1627 1
1628 1
1629 1
1630 1
1631 1
1632 1
1633 1
1634 1
1635 1
1636 1
1637 1
1638 1
1639 1
1640 1
1641 1
1642 1
1643 1
1644 1
1645 1
1646 1
1647 1
1648 1
1649 1
1650 1
1651 1
1652 1
1653 1
1654 1
1655 1
1656 1
1657 1
1658 1
1659 1
1660 1
1661 1
1662 1
1663 1
1664 1
1665 1
1666 1
1667 1
1668 1
1669 1
1670 1
1671 1
1672 1
1673 1
1674 1
1675 1
1676 1
1677 1
1678 1
1679 1
1680 1
1681 1
1682 1
1683 1
1684 1
1685 1
1686 1
1687 1
1688 1
1689 1
1690 1
1691 1
1692 1
1693 1
1694 1
1695 1
1696 1
1697 1
1698 1
1699 1
1700 1
1701 1
1702 1
1703 1
1704 1
1705 1
1706 1
1707 1
1708 1
1709 1
1710 1
1711 1
1712 1
1713 1
1714 1
1715 1
1716 1
1717 1
1718 1
1719 1
1720 1
1721 1
1722 1
1723 1
1724 1
1725 1
1726 1
1727 1
1728 1
1729 1
1730 1
1731 1
1732 1
1733 1
1734 1
1735 1
1736 1
1737 1
1738 1
1739 1
1740 1
1741 1
1742 1
1743 1
1744 1
1745 1
1746 1
1747 1
1748 1
1749 1
1750 1
1751 1
1752 1
1753 1
1754 1
1755 1
1756 1
1757 1
1758 1
1759 1
1760 1
1761 1
1762 1
1763 1
1764 1
1765 1
1766 1
1767 1
1768 1
1769 1
1770 1
1771 1
1772 1
1773 1
1774 1
1775 1
1776 1
1777 1
1778 1
1779 1
1780 1
1781 1
1782 1
1783 1
1784 1
1785 1
1786 1
1787 1
1788 1
1789 1
1790 1
1791 1
1792 1
1793 1
1794 1
1795 1
1796 1
1797 1
1798 1
1799 1
1800 1
1801 1
1802 1
1803 1
1804 1
1805 1
1806 1
1807 1
1808 1
1809 1
1810 1
1811 1
1812 1
1813 1
1814 1
1815 1
1816 1
1817 1
1818 1
1819 1
1820 1
1821 1
1822 1
1823 1
1824 1
1825 1
1826 1
1827 1
1828 1
1829 1
1830 1
1831 1
1832 1
1833 1
1834 1
1835 1
1836 1
1837 1
1838 1
1839 1
1840 1
1841 1
1842 1
1843 1
1844 1
1845 1
1846 1
1847 1
1848 1
1849 1
1850 1
1851 1
1852 1
1853 1
1854 1
1855 1
1856 1
1857 1
1858 1
1859 1
1860 1
1861 1
1862 1
1863 1
1864 1
1865 1
1866 1
1867 1
1868 1
1869 1
1870 1
1871 1
1872 1
1873 1
1874 1
1875 1
1876 1
1877 1
1878 1
1879 1
1880 1
1881 1
1882 1
1883 1
1884 1
1885 1
1886 1
1887 1
1888 1
1889 1
1890 1
1891 1
1892 1
1893 1
1894 1
1895 1
1896 1
1897 1
1898 1
1899 1
1900 1
1901 1
1902 1
1903 1
1904 1
1905 1
1906 1
1907 1
1908 1
1909 1
1910 1
1911 1
1912 1
1913 1
1914 1
1915 1
1916 1
1917 1
1918 1
1919 1
1920 1
1921 1
1922 1
1923 1
1924 1
1925 1
1926 1
1927 1
1928 1
1929 1
1930 1
1931 1
1932 1
1933 1
1934 1
1935 1
1936 1
1937 1
1938 1
1939 1
1940 1
1941 1
1942 1
1943 1
1944 1
1945 1
1946 1
1947 1
1948 1
1949 1
1950 1
1951 1
1952 1
1953 1
1954 1
1955 1
1956 1
1957 1
1958 1
1959 1
1960 1
1961 1
1962 1
1963 1
1964 1
1965 1
1966 1
1967 1
1968 1
1969 1
1970 1
1971 1
1972 1
1973 1
1974 1
1975 1
1976 1
1977 1
1978 1
1979 1
1980 1
1981 1
1982 1
1983 1
1984 1
1985 1
1986 1
1987 1
1988 1
1989 1
1990 1
1991 1
1992 1
1993 1
1994 1
1995 1
1996 1
1997 1
1998 1
1999 1
2000 1
2001 1
2002 1
2003 1
2004 1
2005 1
2006 1
2007 1
2008 1
2009 1
2010 1
2011 1
2012 1
2013 1
2014 1
2015 1
2016 1
2017 1
2018 1
2019 1
2020 1
2021 1
2022 1
2023 1
2024 1
2025 1
2026 1
2027 1
2028 1
2029 1
2030 1
2031 1
2032 1
2033 1
2034 1
2035 1
2036 1
2037 1
2038 1
2039 1
2040 1
2041 1
2042 1
2043 1
2044 1
2045 1
2046 1
2047 1
2048 1
2049 1
2050 1
2051 1
2052 1
2053 1
2054 1
2055 1
2056 1
2057 1
2058 1
2059 1
2060 1
2061 1
2062 1
2063 1
2064 1
2065 1
2066 1
2067 1
2068 1
2069 1
2070 1
2071 1
2072 1
2073 1
2074 1
2075 1
2076 1
2077 1
2078 1
2079 1
2080 1
2081 1
2082 1
2083 1
2084 1
2085 1
2086 1
2087 1
2088 1
2089 1
2090 1
2091 1
2092 1
2093 1
2094 1
2095 1
2096 1
2097 1
2098 1
2099 1
2100 1
2101 1
2102 1
2103 1
2104 1
2105 1
2106 1
2107 1
2108 1
2109 1
2110 1
2111 1
2112 1
2113 1
2114 1
2115 1
2116 1
2117 1
2118 1
2119 1
2120 1
2121 1
2122 1
2123 1
2124 1
2125 1
2126 1
2127 1
2128 1
2129 1
2130 1
2131 1
2132 1
2133 1
2134 1
2135 1
2136 1
2137 1
2138 1
2139 1
2140 1
2141 1
2142 1
2143 1
2144 1
2145 1
2146 1
2147 1
2148 1
2149 1
2150 1
2151 1
2152 1
2153 1
2154 1
2155 1
2156 1
2157 1
2158 1
2159 1
2160 1
2161 1
2162 1
2163 1
2164 1
2165 1
2166 1
2167 1
2168 1
2169 1
2170 1
2171 1
2172 1
2173 1
2174 1
2175 1
2176 1
2177 1
2178 1
2179 1
2180 1
2181 1
2182 1
2183 1
2184 1
2185 1
2186 1
2187 1
2188 1
2189 1
2190 1
2191 1
2192 1
2193 1
2194 1
2195 1
2196 1
2197 1
2198 1
2199 1
2200 1
2201 1
2202 1
2203 1
2204 1
2205 1
2206 1
2207 1
2208 1
2209 1
2210 1
2211 1
2212 1
2213 1
2214 1
2215 1
2216 1
2217 1
2218 1
2219 1
2220 1
2221 1
2222 1
2223 1
2224 1
2225 1
2226 1
2227 1
2228 1
2229 1
2230 1
2231 1
2232 1
2233 1
2234 1
2235 1
2236 1
2237 1
2238 1
2239 1
2240 1
2241 1
2242 1
2243 1
2244 1
2245 1
2246 1
2247 1
2248 1
2249 1
2250 1
2251 1
2252 1
2253 1
2254 1
2255 1
2256 1
2257 1
2258 1
2259 1
2260 1
2261 1
2262 1
2263 1
2264 1
2265 1
2266 1
2267 1
2268 1
2269 1
2270 1
2271 1
2272 1
2273 1
2274 1
2275 1
2276 1
2277 1
2278 1
2279 1
2280 1
2281 1
2282 1
2283 1
2284 1
2285 1
2286 1
2287 1
2288 1
2289 1
2290 1
2291 1
2292 1
2293 1
2294 1
2295 1
2296 1
2297 1
2298 1
2299 1
2300 1
2301 1
2302 1
2303 1
2304 1
2305 1
2306 1
2307 1
2308 1
2309 1
2310 1
2311 1
2312 1
2313 1
2314 1
2315 1
2316 1
2317 1
2318 1
2319 1
2320 1
2321 1
2322 1
2323 1
2324 1
2325 1
2326 1
2327 1
2328 1
2329 1
2330 1
2331 1
2332 1
2333 1
2334 1
2335 1
2336 1
2337 1
2338 1
2339 1
2340 1
2341 1
2342 1
2343 1
2344 1
2345 1
2346 1
2347 1
2348 1
2349 1
2350 1
2351 1
2352 1
2353 1
2354 1
2355 1
2356 1
2357 1
2358 1
2359 1
2360 1
2361 1
2362 1
2363 1
2364 1
2365 1
2366 1
2367 1
2368 1
2369 1
2370 1
2371 1
2372 1
2373 1
2374 1
2375 1
2376 1
2377 1
2378 1
2379 1
2380 1
2381 1
2382 1
2383 1
2384 1
2385 1
2386 1
2387 1
2388 1
2389 1
2390 1
2391 1
2392 1
2393 1
2394 1
2395 1
2396 1
2397 1
2398 1
2399 1
2400 1
2401 1
2402 1
2403 1
2404 1
2405 1
2406 1
2407 1
2408 1
2409 1
2410 1
2411 1
2412 1
2413 1
2414 1
2415 1
2416 1
2417 1
2418 1
2419 1
2420 1
2421 1
2422 1
2423 1
2424 1
2425 1
2426 1
2427 1
2428 1
2429 1
2430 1
2431 1
2432 1
2433 1
2434 1
2435 1
2436 1
2437 1
2438 1
2439 1
2440 1
2441 1
2442 1
2443 1
2444 1
2445 1
2446 1
2447 1
2448 1
2449 1
2450 1
2451 1
2452 1
2453 1
2454 1
2455 1
2456 1
2457 1
2458 1
2459 1
2460 1
2461 1
2462 1
2463 1
2464 1
2465 1
2466 1
2467 1
2468 1
2469 1
2470 1
2471 1
2472 1
2473 1
2474 1
2475 1
2476 1
2477 1
2478 1
2479 1
2480 1
2481 1
2482 1
2483 1
2484 1
2485 1
2486 1
2487 1
2488 1
2489 1
2490 1
2491 1
2492 1
2493 1
2494 1
2495 1
2496 1
2497 1
2498 1
2499 1
2500 1
2501 1
2502 1
2503 1
2504 1
2505 1
2506 1
2507 1
2508 1
2509 1
2510 1
2511 1
2512 1
2513 1
2514 1
2515 1
2516 1
2517 1
2518 1
2519 1
2520 1
2521 1
2522 1
2523 1
2524 1
2525 1
2526 1
2527 1
2528 1
2529 1
2530 1
2531 1
2532 1
2533 1
2534 1
2535 1
2536 1
2537 1
2538 1
2539 1
2540 1
2541 1
2542 1
2543 1
2544 1
2545 1
2546 1
2547 1
2548 1
2549 1
2550 1
2551 1
2552 1
2553 1
2554 1
2555 1
2556 1
2557 1
2558 1
2559 1
2560 1
2561 1
2562 1
2563 1
2564 1
2565 1
2566 1
2567 1
2568 1
2569 1
2570 1
2571 1
2572 1
2573 1
2574 1
2575 1
2576 1
2577 1
2578 1
2579 1
2580 1
2581 1
2582 1
2583 1
2584 1
2585 1
2586 1
2587 1
2588 1
2589 1
2590 1
2591 1
2592 1
2593 1
2594 1
2595 1
2596 1
2597 1
2598 1
2599 1
2600 1
2601 1
2602 1
2603 1
2604 1
2605 1
2606 1
2607 1
2608 1
2609 1
2610 1
2611 1
2612 1
2613 1
2614 1
2615 1
2616 1
2617 1
2618 1
2619 1
2620 1
2621 1
2622 1
2623 1
2624 1
2625 1
2626 1
2627 1
2628 1
2629 1
2630 1
2631 1
2632 1
2633 1
2634 1
2635 1
2636 1
2637 1
2638 1
2639 1
2640 1
2641 1
2642 1
2643 1
2644 1
2645 1
2646 1
2647 1
2648 1
2649 1
2650 1
2651 1
2652 1
2653 1
2654 1
2655 1
2656 1
2657 1
2658 1
2659 1
2660 1
2661 1
2662 1
2663 1
2664 1
2665 1
2666 1
2667 1
2668 1
2669 1
2670 1
2671 1
2672 1
2673 1
2674 1
2675 1
2676 1
2677 1
2678 1
2679 1
2680 1
2681 1
2682 1
2683 1
2684 1
2685 1
2686 1
2687 1
2688 1
2689 1
2690 1
2691 1
2692 1
2693 1
2694 1
2695 1
2696 1
2697 1
2698 1
2699 1
2700 1
2701 1
2702 1
2703 1
2704 1
2705 1
2706 1
2707 1
2708 1
2709 1
2710 1
2711 1
2712 1
2713 1
2714 1
2715 1
2716 1
2717 1
2718 1
2719 1
2720 1
2721 1
2722 1
2723 1
2724 1
2725 1
2726 1
2727 1
2728 1
2729 1
2730 1
2731 1
2732 1
2733 1
2734 1
2735 1
2736 1
2737 1
2738 1
2739 1
2740 1
2741 1
2742 1
2743 1
2744 1
2745 1
2746 1
2747 1
2748 1
2749 1
2750 1
2751 1
2752 1
2753 1
2754 1
2755 1
2756 1
2757 1
2758 1
2759 1
2760 1
2761 1
2762 1
2763 1
2764 1
2765 1
2766 1
2767 1
2768 1
2769 1
2770 1
2771 1
2772 1
2773 1
2774 1
2775 1
2776 1
2777 1
2778 1
2779 1
2780 1
2781 1
2782 1
2783 1
2784 1
2785 1
2786 1
2787 1
2788 1
2789 1
2790 1
2791 1
2792 1
2793 1
2794 1
2795 1
2796 1
2797 1
2798 1
2799 1
2800 1
2801 1
2802 1
2803 1
2804 1
2805 1
2806 1
2807 1
2808 1
2809 1
2810 1
2811 1
2812 1
2813 1
2814 1
2815 1
2816 1
2817 1
2818 1
2819 1
2820 1
2821 1
2822 1
2823 1
2824 1
2825 1
2826 1
2827 1
2828 1
2829 1
2830 1
2831 1
2832 1
2833 1
2834 1
2835 1
2836 1
2837 1
2838 1
2839 1
2840 1
2841 1
2842 1
2843 1
2844 1
2845 1
2846 1
2847 1
2848 1
2849 1
2850 1
2851 1
2852 1
2853 1
2854 1
2855 1
2856 1
2857 1
2858 1
2859 1
2860 1
2861 1
2862 1
2863 1
2864 1
2865 1
2866 1
2867 1
2868 1
2869 1
2870 1
2871 1
2872 1
2873 1
2874 1
2875 1
2876 1
2877 1
2878 1
2879 1
2880 1
2881 1
2882 1
2883 1
2884 1
2885 1
2886 1
2887 1
2888 1
2889 1
2890 1
2891 1
2892 1
2893 1
2894 1
2895 1
2896 1
2897 1
2898 1
2899 1
2900 1
2901 1
2902 1
2903 1
2904 1
2905 1
2906 1
2907 1
2908 1
2909 1
2910 1
2911 1
2912 1
2913 1
2914 1
2915 1
2916 1
2917 1
2918 1
2919 1
2920 1
2921 1
2922 1
2923 1
2924 1
2925 1
2926 1
2927 1
2928 1
2929 1
2930 1
2931 1
2932 1
2933 1
2934 1
2935 1
2936 1
2937 1
2938 1
2939 1
2940 1
2941 1
2942 1
2943 1
2944 1
2945 1
2946 1
2947 1
2948 1
2949 1
2950 1
2951 1
2952 1
2953 1
2954 1
2955 1
2956 1
2957 1
2958 1
2959 1
2960 1
2961 1
2962 1
2963 1
2964 1
2965 1
2966 1
2967 1
2968 1
2969 1
2970 1
2971 1
2972 1
2973 1
2974 1
2975 1
2976 1
2977 1
2978 1
2979 1
2980 1
2981 1
2982 1
2983 1
2984 1
2985 1
2986 1
2987 1
2988 1
2989 1
2990 1
2991 1
2992 1
2993 1
2994 1
2995 1
2996 1
2997 1
2998 1
2999 2
3000 2
3001 1
3002 2
3003 2
3004 2
3005 2
3006 2
3007 2
3008 2
3009 2
3010 1
3011 1
3012 1
3013 1
3014 1
3015 1
3016 1
3017 1
3018 1
3019 1
3020 1
3021 1
3022 1
3023 1
3024 1
3025 1
3026 1
3027 1
3028 1
3029 2
3030 2
3031 1
3032 2
3033 2
3034 2
3035 2
3036 2
3037 2
3038 2
3039 2
3040 2
3041 1
3042 2
3043 2
3044 2
3045 2
3046 2
3047 2
3048 2
3049 2
3050 2
3051 1
3052 2
3053 2
3054 2
3055 2
3056 2
3057 2
3058 2
3059 2
3060 2
3061 1
3062 2
3063 2
3064 2
3065 2
3066 2
3067 2
3068 2
3069 2
3070 2
3071 1
3072 2
3073 2
3074 2
3075 2
3076 2
3077 2
3078 2
3079 2
3080 2
3081 1
3082 2
3083 2
3084 2
3085 2
3086 2
3087 2
3088 2
3089 2
3090 2
3091 1
3092 2
3093 2
3094 2
3095 2
3096 2
3097 2
3098 2
3099 2
3100 1
3101 1
3102 1
3103 1
3104 1
3105 1
3106 1
3107 1
3108 1
3109 1
3110 1
3111 1
3112 1
3113 1
3114 1
3115 1
3116 1
3117 1
3118 1
3119 1
3120 1
3121 1
3122 1
3123 1
3124 1
3125 1
3126 1
3127 1
3128 1
3129 1
3130 1
3131 1
3132 1
3133 1
3134 1
3135 1
3136 1
3137 1
3138 1
3139 1
3140 1
3141 1
3142 1
3143 1
3144 1
3145 1
3146 1
3147 1
3148 1
3149 1
3150 1
3151 1
3152 1
3153 1
3154 1
3155 1
3156 1
3157 1
3158 1
3159 1
3160 1
3161 1
3162 1
3163 1
3164 1
3165 1
3166 1
3167 1
3168 1
3169 1
3170 1
3171 1
3172 1
3173 1
3174 1
3175 1
3176 1
3177 1
3178 1
3179 1
3180 1
3181 1
3182 1
3183 1
3184 1
3185 1
3186 1
3187 1
3188 1
3189 1
3190 1
3191 1
3192 1
3193 1
3194 1
3195 1
3196 1
3197 1
3198 1
3199 1
3200 1
3201 1
3202 1
3203 1
3204 1
3205 1
3206 1
3207 1
3208 1
3209 1
3210 1
3211 1
3212 1
3213 1
3214 1
3215 1
3216 1
3217 1
3218 1
3219 1
3220 1
3221 1
3222 1
3223 1
3224 1
3225 1
3226 1
3227 1
3228 1
3229 1
3230 1
3231 1
3232 1
3233 1
3234 1
3235 1
3236 1
3237 1
3238 1
3239 1
3240 1
3241 1
3242 1
3243 1
3244 1
3245 1
3246 1
3247 1
3248 1
3249 1
3250 1
3251 1
3252 1
3253 1
3254 1
3255 1
3256 1
3257 1
3258 1
3259 1
3260 1
3261 1
3262 1
3263 1
3264 1
3265 1
3266 1
3267 1
3268 1
3269 1
3270 1
3271 1
3272 1
3273 1
3274 1
3275 1
3276 1
3277 1
3278 1
3279 1
3280 1
3281 1
3282 1
3283 1
3284 1
3285 1
3286 1
3287 1
3288 1
3289 1
3290 1
3291 1
3292 1
3293 1
3294 1
3295 1
3296 1
3297 1
3298 1
3299 2
3300 2
3301 1
3302 2
3303 2
3304 2
3305 2
3306 2
3307 2
3308 2
3309 2
3310 1
3311 1
3312 1
3313 1
3314 1
3315 1
3316 1
3317 1
3318 1
3319 1
3320 1
3321 1
3322 1
3323 1
3324 1
3325 1
3326 1
3327 1
3328 1
3329 2
3330 2
3331 1
3332 2
3333 2
3334 2
3335 2
3336 2
3337 2
3338 2
3339 2
3340 2
3341 1
3342 2
3343 2
3344 2
3345 2
3346 2
3347 2
3348 2
3349 2
3350 2
3351 1
3352 2
3353 2
3354 2
3355 2
3356 2
3357 2
3358 2
3359 2
3360 2
3361 1
3362 2
3363 2
3364 2
3365 2
3366 2
3367 2
3368 2
3369 2
3370 2
3371 1
3372 2
3373 2
3374 2
3375 2
3376 2
3377 2
3378 2
3379 2
3380 2
3381 1
3382 2
3383 2
3384 2
3385 2
3386 2
3387 2
3388 2
3389 2
3390 2
3391 1
3392 2
3393 2
3394 2
3395 2
3396 2
3397 2
3398 2
3399 2
3400 2
3401 1
3402 2
3403 2
3404 2
3405 2
3406 2
3407 2
3408 2
3409 2
3410 1
3411 1
3412 1
3413 1
3414 1
3415 1
3416 1
3417 1
3418 1
3419 1
3420 1
3421 1
3422 1
3423 1
3424 1
3425 1
3426 1
3427 1
3428 1
3429 2
3430 2
3431 1
3432 2
3433 2
3434 2
3435 2
3436 2
3437 2
3438 2
3439 2
3440 2
3441 1
3442 2
3443 2
3444 2
3445 2
3446 2
3447 2
3448 2
3449 2
3450 2
3451 1
3452 2
3453 2
3454 2
3455 2
3456 2
3457 2
3458 2
3459 2
3460 2
3461 1
3462 2
3463 2
3464 2
3465 2
3466 2
3467 2
3468 2
3469 2
3470 2
3471 1
3472 2
3473 2
3474 2
3475 2
3476 2
3477 2
3478 2
3479 2
3480 2
3481 1
3482 2
3483 2
3484 2
3485 2
3486 2
3487 2
3488 2
3489 2
3490 2
3491 1
3492 2
3493 2
3494 2
3495 2
3496 2
3497 2
3498 2
3499 2
3500 2
3501 1
3502 2
3503 2
3504 2
3505 2
3506 2
3507 2
3508 2
3509 2
3510 1
3511 1
3512 1
3513 1
3514 1
3515 1
3516 1
3517 1
3518 1
3519 1
3520 1
3521 1
3522 1
3523 1
3524 1
3525 1
3526 1
3527 1
3528 1
3529 2
3530 2
3531 1
3532 2
3533 2
3534 2
3535 2
3536 2
3537 2
3538 2
3539 2
3540 2
3541 1
3542 2
3543 2
3544 2
3545 2
3546 2
3547 2
3548 2
3549 2
3550 2
3551 1
3552 2
3553 2
3554 2
3555 2
3556 2
3557 2
3558 2
3559 2
3560 2
3561 1
3562 2
3563 2
3564 2
3565 2
3566 2
3567 2
3568 2
3569 2
3570 2
3571 1
3572 2
3573 2
3574 2
3575 2
3576 2
3577 2
3578 2
3579 2
3580 2
3581 1
3582 2
3583 2
3584 2
3585 2
3586 2
3587 2
3588 2
3589 2
3590 2
3591 1
3592 2
3593 2
3594 2
3595 2
3596 2
3597 2
3598 2
3599 2
3600 2
3601 1
3602 2
3603 2
3604 2
3605 2
3606 2
3607 2
3608 2
3609 2
3610 1
3611 1
3612 1
3613 1
3614 1
3615 1
3616 1
3617 1
3618 1
3619 1
3620 1
3621 1
3622 1
3623 1
3624 1
3625 1
3626 1
3627 1
3628 1
3629 2
3630 2
3631 1
3632 2
3633 2
3634 2
3635 2
3636 2
3637 2
3638 2
3639 2
3640 2
3641 1
3642 2
3643 2
3644 2
3645 2
3646 2
3647 2
3648 2
3649 2
3650 2
3651 1
3652 2
3653 2
3654 2
3655 2
3656 2
3657 2
3658 2
3659 2
3660 2
3661 1
3662 2
3663 2
3664 2
3665 2
3666 2
3667 2
3668 2
3669 2
3670 2
3671 1
3672 2
3673 2
3674 2
3675 2
3676 2
3677 2
3678 2
3679 2
3680 2
3681 1
3682 2
3683 2
3684 2
3685 2
3686 2
3687 2
3688 2
3689 2
3690 2
3691 1
3692 2
3693 2
3694 2
3695 2
3696 2
3697 2
3698 2
3699 2
3700 2
3701 1
3702 2
3703 2
3704 2
3705 2
3706 2
3707 2
3708 2
3709 2
3710 1
3711 1
3712 1
3713 1
3714 1
3715 1
3716 1
3717 1
3718 1
3719 1
3720 1
3721 1
3722 1
3723 1
3724 1
3725 1
3726 1
3727 1
3728 1
3729 2
3730 2
3731 1
3732 2
3733 2
3734 2
3735 2
3736 2
3737 2
3738 2
3739 2
3740 2
3741 1
3742 2
3743 2
3744 2
3745 2
3746 2
3747 2
3748 2
3749 2
3750 2
3751 1
3752 2
3753 2
3754 2
3755 2
3756 2
3757 2
3758 2
3759 2
3760 2
3761 1
3762 2
3763 2
3764 2
3765 2
3766 2
3767 2
3768 2
3769 2
3770 2
3771 1
3772 2
3773 2
3774 2
3775 2
3776 2
3777 2
3778 2
3779 2
3780 2
3781 1
3782 2
3783 2
3784 2
3785 2
3786 2
3787 2
3788 2
3789 2
3790 2
3791 1
3792 2
3793 2
3794 2
3795 2
3796 2
3797 2
3798 2
3799 2
3800 2
3801 1
3802 2
3803 2
3804 2
3805 2
3806 2
3807 2
3808 2
3809 2
3810 1
3811 1
3812 1
3813 1
3814 1
3815 1
3816 1
3817 1
3818 1
3819 1
3820 1
3821 1
3822 1
3823 1
3824 1
3825 1
3826 1
3827 1
3828 1
3829 2
3830 2
3831 1
3832 2
3833 2
3834 2
3835 2
3836 2
3837 2
3838 2
3839 2
3840 2
3841 1
3842 2
3843 2
3844 2
3845 2
3846 2
3847 2
3848 2
3849 2
3850 2
3851 1
3852 2
3853 2
3854 2
3855 2
3856 2
3857 2
3858 2
3859 2
3860 2
3861 1
3862 2
3863 2
3864 2
3865 2
3866 2
3867 2
3868 2
3869 2
3870 2
3871 1
3872 2
3873 2
3874 2
3875 2
3876 2
3877 2
3878 2
3879 2
3880 2
3881 1
3882 2
3883 2
3884 2
3885 2
3886 2
3887 2
3888 2
3889 2
3890 2
3891 1
3892 2
3893 2
3894 2
3895 2
3896 2
3897 2
3898 2
3899 2
3900 2
3901 1
3902 2
3903 2
3904 2
3905 2
3906 2
3907 2
3908 2
3909 2
3910 1
3911 1
3912 1
3913 1
3914 1
3915 1
3916 1
3917 1
3918 1
3919 1
3920 1
3921 1
3922 1
3923 1
3924 1
3925 1
3926 1
3927 1
3928 1
3929 2
3930 2
3931 1
3932 2
3933 2
3934 2
3935 2
3936 2
3937 2
3938 2
3939 2
3940 2
3941 1
3942 2
3943 2
3944 2
3945 2
3946 2
3947 2
3948 2
3949 2
3950 2
3951 1
3952 2
3953 2
3954 2
3955 2
3956 2
3957 2
3958 2
3959 2
3960 2
3961 1
3962 2
3963 2
3964 2
3965 2
3966 2
3967 2
3968 2
3969 2
3970 2
3971 1
3972 2
3973 2
3974 2
3975 2
3976 2
3977 2
3978 2
3979 2
3980 2
3981 1
3982 2
3983 2
3984 2
3985 2
3986 2
3987 2
3988 2
3989 2
3990 2
3991 1
3992 2
3993 2
3994 2
3995 2
3996 2
3997 2
3998 2
3999 3
4000 3
4001 1
4002 2
4003 3
4004 3
4005 3
4006 3
4007 3
4008 3
4009 3
4010 1
4011 1
4012 1
4013 1
4014 1
4015 1
4016 1
4017 1
4018 1
4019 1
4020 1
4021 1
4022 1
4023 1
4024 1
4025 1
4026 1
4027 1
4028 1
4029 2
4030 2
4031 1
4032 2
4033 2
4034 2
4035 2
4036 2
4037 2
4038 2
4039 3
4040 3
4041 1
4042 2
4043 3
4044 3
4045 3
4046 3
4047 3
4048 3
4049 3
4050 3
4051 1
4052 2
4053 3
4054 3
4055 3
4056 3
4057 3
4058 3
4059 3
4060 3
4061 1
4062 2
4063 3
4064 3
4065 3
4066 3
4067 3
4068 3
4069 3
4070 3
4071 1
4072 2
4073 3
4074 3
4075 3
4076 3
4077 3
4078 3
4079 3
4080 3
4081 1
4082 2
4083 3
4084 3
4085 3
4086 3
4087 3
4088 3
4089 3
4090 3
4091 1
4092 2
4093 3
4094 3
4095 3
4096 3
4097 3
4098 3
4099 3
4100 1
4101 1
4102 1
4103 1
4104 1
4105 1
4106 1
4107 1
4108 1
4109 1
4110 1
4111 1
4112 1
4113 1
4114 1
4115 1
4116 1
4117 1
4118 1
4119 1
4120 1
4121 1
4122 1
4123 1
4124 1
4125 1
4126 1
4127 1
4128 1
4129 1
4130 1
4131 1
4132 1
4133 1
4134 1
4135 1
4136 1
4137 1
4138 1
4139 1
4140 1
4141 1
4142 1
4143 1
4144 1
4145 1
4146 1
4147 1
4148 1
4149 1
4150 1
4151 1
4152 1
4153 1
4154 1
4155 1
4156 1
4157 1
4158 1
4159 1
4160 1
4161 1
4162 1
4163 1
4164 1
4165 1
4166 1
4167 1
4168 1
4169 1
4170 1
4171 1
4172 1
4173 1
4174 1
4175 1
4176 1
4177 1
4178 1
4179 1
4180 1
4181 1
4182 1
4183 1
4184 1
4185 1
4186 1
4187 1
4188 1
4189 1
4190 1
4191 1
4192 1
4193 1
4194 1
4195 1
4196 1
4197 1
4198 1
4199 1
4200 1
4201 1
4202 1
4203 1
4204 1
4205 1
4206 1
4207 1
4208 1
4209 1
4210 1
4211 1
4212 1
4213 1
4214 1
4215 1
4216 1
4217 1
4218 1
4219 1
4220 1
4221 1
4222 1
4223 1
4224 1
4225 1
4226 1
4227 1
4228 1
4229 1
4230 1
4231 1
4232 1
4233 1
4234 1
4235 1
4236 1
4237 1
4238 1
4239 1
4240 1
4241 1
4242 1
4243 1
4244 1
4245 1
4246 1
4247 1
4248 1
4249 1
4250 1
4251 1
4252 1
4253 1
4254 1
4255 1
4256 1
4257 1
4258 1
4259 1
4260 1
4261 1
4262 1
4263 1
4264 1
4265 1
4266 1
4267 1
4268 1
4269 1
4270 1
4271 1
4272 1
4273 1
4274 1
4275 1
4276 1
4277 1
4278 1
4279 1
4280 1
4281 1
4282 1
4283 1
4284 1
4285 1
4286 1
4287 1
4288 1
4289 1
4290 1
4291 1
4292 1
4293 1
4294 1
4295 1
4296 1
4297 1
4298 1
4299 2
4300 2
4301 1
4302 2
4303 2
4304 2
4305 2
4306 2
4307 2
4308 2
4309 2
4310 1
4311 1
4312 1
4313 1
4314 1
4315 1
4316 1
4317 1
4318 1
4319 1
4320 1
4321 1
4322 1
4323 1
4324 1
4325 1
4326 1
4327 1
4328 1
4329 2
4330 2
4331 1
4332 2
4333 2
4334 2
4335 2
4336 2
4337 2
4338 2
4339 2
4340 2
4341 1
4342 2
4343 2
4344 2
4345 2
4346 2
4347 2
4348 2
4349 2
4350 2
4351 1
4352 2
4353 2
4354 2
4355 2
4356 2
4357 2
4358 2
4359 2
4360 2
4361 1
4362 2
4363 2
4364 2
4365 2
4366 2
4367 2
4368 2
4369 2
4370 2
4371 1
4372 2
4373 2
4374 2
4375 2
4376 2
4377 2
4378 2
4379 2
4380 2
4381 1
4382 2
4383 2
4384 2
4385 2
4386 2
4387 2
4388 2
4389 2
4390 2
4391 1
4392 2
4393 2
4394 2
4395 2
4396 2
4397 2
4398 2
4399 3
4400 3
4401 1
4402 2
4403 3
4404 3
4405 3
4406 3
4407 3
4408 3
4409 3
4410 1
4411 1
4412 1
4413 1
4414 1
4415 1
4416 1
4417 1
4418 1
4419 1
4420 1
4421 1
4422 1
4423 1
4424 1
4425 1
4426 1
4427 1
4428 1
4429 2
4430 2
4431 1
4432 2
4433 2
4434 2
4435 2
4436 2
4437 2
4438 2
4439 3
4440 3
4441 1
4442 2
4443 3
4444 3
4445 3
4446 3
4447 3
4448 3
4449 3
4450 3
4451 1
4452 2
4453 3
4454 3
4455 3
4456 3
4457 3
4458 3
4459 3
4460 3
4461 1
4462 2
4463 3
4464 3
4465 3
4466 3
4467 3
4468 3
4469 3
4470 3
4471 1
4472 2
4473 3
4474 3
4475 3
4476 3
4477 3
4478 3
4479 3
4480 3
4481 1
4482 2
4483 3
4484 3
4485 3
4486 3
4487 3
4488 3
4489 3
4490 3
4491 1
4492 2
4493 3
4494 3
4495 3
4496 3
4497 3
4498 3
4499 3
4500 3
4501 1
4502 2
4503 3
4504 3
4505 3
4506 3
4507 3
4508 3
4509 3
4510 1
4511 1
4512 1
4513 1
4514 1
4515 1
4516 1
4517 1
4518 1
4519 1
4520 1
4521 1
4522 1
4523 1
4524 1
4525 1
4526 1
4527 1
4528 1
4529 2
4530 2
4531 1
4532 2
4533 2
4534 2
4535 2
4536 2
4537 2
4538 2
4539 3
4540 3
4541 1
4542 2
4543 3
4544 3
4545 3
4546 3
4547 3
4548 3
4549 3
4550 3
4551 1
4552 2
4553 3
4554 3
4555 3
4556 3
4557 3
4558 3
4559 3
4560 3
4561 1
4562 2
4563 3
4564 3
4565 3
4566 3
4567 3
4568 3
4569 3
4570 3
4571 1
4572 2
4573 3
4574 3
4575 3
4576 3
4577 3
4578 3
4579 3
4580 3
4581 1
4582 2
4583 3
4584 3
4585 3
4586 3
4587 3
4588 3
4589 3
4590 3
4591 1
4592 2
4593 3
4594 3
4595 3
4596 3
4597 3
4598 3
4599 3
4600 3
4601 1
4602 2
4603 3
4604 3
4605 3
4606 3
4607 3
4608 3
4609 3
4610 1
4611 1
4612 1
4613 1
4614 1
4615 1
4616 1
4617 1
4618 1
4619 1
4620 1
4621 1
4622 1
4623 1
4624 1
4625 1
4626 1
4627 1
4628 1
4629 2
4630 2
4631 1
4632 2
4633 2
4634 2
4635 2
4636 2
4637 2
4638 2
4639 3
4640 3
4641 1
4642 2
4643 3
4644 3
4645 3
4646 3
4647 3
4648 3
4649 3
4650 3
4651 1
4652 2
4653 3
4654 3
4655 3
4656 3
4657 3
4658 3
4659 3
4660 3
4661 1
4662 2
4663 3
4664 3
4665 3
4666 3
4667 3
4668 3
4669 3
4670 3
4671 1
4672 2
4673 3
4674 3
4675 3
4676 3
4677 3
4678 3
4679 3
4680 3
4681 1
4682 2
4683 3
4684 3
4685 3
4686 3
4687 3
4688 3
4689 3
4690 3
4691 1
4692 2
4693 3
4694 3
4695 3
4696 3
4697 3
4698 3
4699 3
4700 3
4701 1
4702 2
4703 3
4704 3
4705 3
4706 3
4707 3
4708 3
4709 3
4710 1
4711 1
4712 1
4713 1
4714 1
4715 1
4716 1
4717 1
4718 1
4719 1
4720 1
4721 1
4722 1
4723 1
4724 1
4725 1
4726 1
4727 1
4728 1
4729 2
4730 2
4731 1
4732 2
4733 2
4734 2
4735 2
4736 2
4737 2
4738 2
4739 3
4740 3
4741 1
4742 2
4743 3
4744 3
4745 3
4746 3
4747 3
4748 3
4749 3
4750 3
4751 1
4752 2
4753 3
4754 3
4755 3
4756 3
4757 3
4758 3
4759 3
4760 3
4761 1
4762 2
4763 3
4764 3
4765 3
4766 3
4767 3
4768 3
4769 3
4770 3
4771 1
4772 2
4773 3
4774 3
4775 3
4776 3
4777 3
4778 3
4779 3
4780 3
4781 1
4782 2
4783 3
4784 3
4785 3
4786 3
4787 3
4788 3
4789 3
4790 3
4791 1
4792 2
4793 3
4794 3
4795 3
4796 3
4797 3
4798 3
4799 3
4800 3
4801 1
4802 2
4803 3
4804 3
4805 3
4806 3
4807 3
4808 3
4809 3
4810 1
4811 1
4812 1
4813 1
4814 1
4815 1
4816 1
4817 1
4818 1
4819 1
4820 1
4821 1
4822 1
4823 1
4824 1
4825 1
4826 1
4827 1
4828 1
4829 2
4830 2
4831 1
4832 2
4833 2
4834 2
4835 2
4836 2
4837 2
4838 2
4839 3
4840 3
4841 1
4842 2
4843 3
4844 3
4845 3
4846 3
4847 3
4848 3
4849 3
4850 3
4851 1
4852 2
4853 3
4854 3
4855 3
4856 3
4857 3
4858 3
4859 3
4860 3
4861 1
4862 2
4863 3
4864 3
4865 3
4866 3
4867 3
4868 3
4869 3
4870 3
4871 1
4872 2
4873 3
4874 3
4875 3
4876 3
4877 3
4878 3
4879 3
4880 3
4881 1
4882 2
4883 3
4884 3
4885 3
4886 3
4887 3
4888 3
4889 3
4890 3
4891 1
4892 2
4893 3
4894 3
4895 3
4896 3
4897 3
4898 3
4899 3
4900 3
4901 1
4902 2
4903 3
4904 3
4905 3
4906 3
4907 3
4908 3
4909 3
4910 1
4911 1
4912 1
4913 1
4914 1
4915 1
4916 1
4917 1
4918 1
4919 1
4920 1
4921 1
4922 1
4923 1
4924 1
4925 1
4926 1
4927 1
4928 1
4929 2
4930 2
4931 1
4932 2
4933 2
4934 2
4935 2
4936 2
4937 2
4938 2
4939 3
4940 3
4941 1
4942 2
4943 3
4944 3
4945 3
4946 3
4947 3
4948 3
4949 3
4950 3
4951 1
4952 2
4953 3
4954 3
4955 3
4956 3
4957 3
4958 3
4959 3
4960 3
4961 1
4962 2
4963 3
4964 3
4965 3
4966 3
4967 3
4968 3
4969 3
4970 3
4971 1
4972 2
4973 3
4974 3
4975 3
4976 3
4977 3
4978 3
4979 3
4980 3
4981 1
4982 2
4983 3
4984 3
4985 3
4986 3
4987 3
4988 3
4989 3
4990 3
4991 1
4992 2
4993 3
4994 3
4995 3
4996 3
4997 3
4998 3
4999 4
5000 4
5001 1
5002 2
5003 3
5004 4
5005 4
5006 4
5007 4
5008 4
5009 4
5010 1
5011 1
5012 1
5013 1
5014 1
5015 1
5016 1
5017 1
5018 1
5019 1
5020 1
5021 1
5022 1
5023 1
5024 1
5025 1
5026 1
5027 1
5028 1
5029 2
5030 2
5031 1
5032 2
5033 2
5034 2
5035 2
5036 2
5037 2
5038 2
5039 3
5040 3
5041 1
5042 2
5043 3
5044 3
5045 3
5046 3
5047 3
5048 3
5049 4
5050 4
5051 1
5052 2
5053 3
5054 4
5055 4
5056 4
5057 4
5058 4
5059 4
5060 4
5061 1
5062 2
5063 3
5064 4
5065 4
5066 4
5067 4
5068 4
5069 4
5070 4
5071 1
5072 2
5073 3
5074 4
5075 4
5076 4
5077 4
5078 4
5079 4
5080 4
5081 1
5082 2
5083 3
5084 4
5085 4
5086 4
5087 4
5088 4
5089 4
5090 4
5091 1
5092 2
5093 3
5094 4
5095 4
5096 4
5097 4
5098 4
5099 4
5100 1
5101 1
5102 1
5103 1
5104 1
5105 1
5106 1
5107 1
5108 1
5109 1
5110 1
5111 1
5112 1
5113 1
5114 1
5115 1
5116 1
5117 1
5118 1
5119 1
5120 1
5121 1
5122 1
5123 1
5124 1
5125 1
5126 1
5127 1
5128 1
5129 1
5130 1
5131 1
5132 1
5133 1
5134 1
5135 1
5136 1
5137 1
5138 1
5139 1
5140 1
5141 1
5142 1
5143 1
5144 1
5145 1
5146 1
5147 1
5148 1
5149 1
5150 1
5151 1
5152 1
5153 1
5154 1
5155 1
5156 1
5157 1
5158 1
5159 1
5160 1
5161 1
5162 1
5163 1
5164 1
5165 1
5166 1
5167 1
5168 1
5169 1
5170 1
5171 1
5172 1
5173 1
5174 1
5175 1
5176 1
5177 1
5178 1
5179 1
5180 1
5181 1
5182 1
5183 1
5184 1
5185 1
5186 1
5187 1
5188 1
5189 1
5190 1
5191 1
5192 1
5193 1
5194 1
5195 1
5196 1
5197 1
5198 1
5199 1
5200 1
5201 1
5202 1
5203 1
5204 1
5205 1
5206 1
5207 1
5208 1
5209 1
5210 1
5211 1
5212 1
5213 1
5214 1
5215 1
5216 1
5217 1
5218 1
5219 1
5220 1
5221 1
5222 1
5223 1
5224 1
5225 1
5226 1
5227 1
5228 1
5229 1
5230 1
5231 1
5232 1
5233 1
5234 1
5235 1
5236 1
5237 1
5238 1
5239 1
5240 1
5241 1
5242 1
5243 1
5244 1
5245 1
5246 1
5247 1
5248 1
5249 1
5250 1
5251 1
5252 1
5253 1
5254 1
5255 1
5256 1
5257 1
5258 1
5259 1
5260 1
5261 1
5262 1
5263 1
5264 1
5265 1
5266 1
5267 1
5268 1
5269 1
5270 1
5271 1
5272 1
5273 1
5274 1
5275 1
5276 1
5277 1
5278 1
5279 1
5280 1
5281 1
5282 1
5283 1
5284 1
5285 1
5286 1
5287 1
5288 1
5289 1
5290 1
5291 1
5292 1
5293 1
5294 1
5295 1
5296 1
5297 1
5298 1
5299 2
5300 2
5301 1
5302 2
5303 2
5304 2
5305 2
5306 2
5307 2
5308 2
5309 2
5310 1
5311 1
5312 1
5313 1
5314 1
5315 1
5316 1
5317 1
5318 1
5319 1
5320 1
5321 1
5322 1
5323 1
5324 1
5325 1
5326 1
5327 1
5328 1
5329 2
5330 2
5331 1
5332 2
5333 2
5334 2
5335 2
5336 2
5337 2
5338 2
5339 2
5340 2
5341 1
5342 2
5343 2
5344 2
5345 2
5346 2
5347 2
5348 2
5349 2
5350 2
5351 1
5352 2
5353 2
5354 2
5355 2
5356 2
5357 2
5358 2
5359 2
5360 2
5361 1
5362 2
5363 2
5364 2
5365 2
5366 2
5367 2
5368 2
5369 2
5370 2
5371 1
5372 2
5373 2
5374 2
5375 2
5376 2
5377 2
5378 2
5379 2
5380 2
5381 1
5382 2
5383 2
5384 2
5385 2
5386 2
5387 2
5388 2
5389 2
5390 2
5391 1
5392 2
5393 2
5394 2
5395 2
5396 2
5397 2
5398 2
5399 3
5400 3
5401 1
5402 2
5403 3
5404 3
5405 3
5406 3
5407 3
5408 3
5409 3
5410 1
5411 1
5412 1
5413 1
5414 1
5415 1
5416 1
5417 1
5418 1
5419 1
5420 1
5421 1
5422 1
5423 1
5424 1
5425 1
5426 1
5427 1
5428 1
5429 2
5430 2
5431 1
5432 2
5433 2
5434 2
5435 2
5436 2
5437 2
5438 2
5439 3
5440 3
5441 1
5442 2
5443 3
5444 3
5445 3
5446 3
5447 3
5448 3
5449 3
5450 3
5451 1
5452 2
5453 3
5454 3
5455 3
5456 3
5457 3
5458 3
5459 3
5460 3
5461 1
5462 2
5463 3
5464 3
5465 3
5466 3
5467 3
5468 3
5469 3
5470 3
5471 1
5472 2
5473 3
5474 3
5475 3
5476 3
5477 3
5478 3
5479 3
5480 3
5481 1
5482 2
5483 3
5484 3
5485 3
5486 3
5487 3
5488 3
5489 3
5490 3
5491 1
5492 2
5493 3
5494 3
5495 3
5496 3
5497 3
5498 3
5499 4
5500 4
5501 1
5502 2
5503 3
5504 4
5505 4
5506 4
5507 4
5508 4
5509 4
5510 1
5511 1
5512 1
5513 1
5514 1
5515 1
5516 1
5517 1
5518 1
5519 1
5520 1
5521 1
5522 1
5523 1
5524 1
5525 1
5526 1
5527 1
5528 1
5529 2
5530 2
5531 1
5532 2
5533 2
5534 2
5535 2
5536 2
5537 2
5538 2
5539 3
5540 3
5541 1
5542 2
5543 3
5544 3
5545 3
5546 3
5547 3
5548 3
5549 4
5550 4
5551 1
5552 2
5553 3
5554 4
5555 4
5556 4
5557 4
5558 4
5559 4
5560 4
5561 1
5562 2
5563 3
5564 4
5565 4
5566 4
5567 4
5568 4
5569 4
5570 4
5571 1
5572 2
5573 3
5574 4
5575 4
5576 4
5577 4
5578 4
5579 4
5580 4
5581 1
5582 2
5583 3
5584 4
5585 4
5586 4
5587 4
5588 4
5589 4
5590 4
5591 1
5592 2
5593 3
5594 4
5595 4
5596 4
5597 4
5598 4
5599 4
5600 4
5601 1
5602 2
5603 3
5604 4
5605 4
5606 4
5607 4
5608 4
5609 4
5610 1
5611 1
5612 1
5613 1
5614 1
5615 1
5616 1
5617 1
5618 1
5619 1
5620 1
5621 1
5622 1
5623 1
5624 1
5625 1
5626 1
5627 1
5628 1
5629 2
5630 2
5631 1
5632 2
5633 2
5634 2
5635 2
5636 2
5637 2
5638 2
5639 3
5640 3
5641 1
5642 2
5643 3
5644 3
5645 3
5646 3
5647 3
5648 3
5649 4
5650 4
5651 1
5652 2
5653 3
5654 4
5655 4
5656 4
5657 4
5658 4
5659 4
5660 4
5661 1
5662 2
5663 3
5664 4
5665 4
5666 4
5667 4
5668 4
5669 4
5670 4
5671 1
5672 2
5673 3
5674 4
5675 4
5676 4
5677 4
5678 4
5679 4
5680 4
5681 1
5682 2
5683 3
5684 4
5685 4
5686 4
5687 4
5688 4
5689 4
5690 4
5691 1
5692 2
5693 3
5694 4
5695 4
5696 4
5697 4
5698 4
5699 4
5700 4
5701 1
5702 2
5703 3
5704 4
5705 4
5706 4
5707 4
5708 4
5709 4
5710 1
5711 1
5712 1
5713 1
5714 1
5715 1
5716 1
5717 1
5718 1
5719 1
5720 1
5721 1
5722 1
5723 1
5724 1
5725 1
5726 1
5727 1
5728 1
5729 2
5730 2
5731 1
5732 2
5733 2
5734 2
5735 2
5736 2
5737 2
5738 2
5739 3
5740 3
5741 1
5742 2
5743 3
5744 3
5745 3
5746 3
5747 3
5748 3
5749 4
5750 4
5751 1
5752 2
5753 3
5754 4
5755 4
5756 4
5757 4
5758 4
5759 4
5760 4
5761 1
5762 2
5763 3
5764 4
5765 4
5766 4
5767 4
5768 4
5769 4
5770 4
5771 1
5772 2
5773 3
5774 4
5775 4
5776 4
5777 4
5778 4
5779 4
5780 4
5781 1
5782 2
5783 3
5784 4
5785 4
5786 4
5787 4
5788 4
5789 4
5790 4
5791 1
5792 2
5793 3
5794 4
5795 4
5796 4
5797 4
5798 4
5799 4
5800 4
5801 1
5802 2
5803 3
5804 4
5805 4
5806 4
5807 4
5808 4
5809 4
5810 1
5811 1
5812 1
5813 1
5814 1
5815 1
5816 1
5817 1
5818 1
5819 1
5820 1
5821 1
5822 1
5823 1
5824 1
5825 1
5826 1
5827 1
5828 1
5829 2
5830 2
5831 1
5832 2
5833 2
5834 2
5835 2
5836 2
5837 2
5838 2
5839 3
5840 3
5841 1
5842 2
5843 3
5844 3
5845 3
5846 3
5847 3
5848 3
5849 4
5850 4
5851 1
5852 2
5853 3
5854 4
5855 4
5856 4
5857 4
5858 4
5859 4
5860 4
5861 1
5862 2
5863 3
5864 4
5865 4
5866 4
5867 4
5868 4
5869 4
5870 4
5871 1
5872 2
5873 3
5874 4
5875 4
5876 4
5877 4
5878 4
5879 4
5880 4
5881 1
5882 2
5883 3
5884 4
5885 4
5886 4
5887 4
5888 4
5889 4
5890 4
5891 1
5892 2
5893 3
5894 4
5895 4
5896 4
5897 4
5898 4
5899 4
5900 4
5901 1
5902 2
5903 3
5904 4
5905 4
5906 4
5907 4
5908 4
5909 4
5910 1
5911 1
5912 1
5913 1
5914 1
5915 1
5916 1
5917 1
5918 1
5919 1
5920 1
5921 1
5922 1
5923 1
5924 1
5925 1
5926 1
5927 1
5928 1
5929 2
5930 2
5931 1
5932 2
5933 2
5934 2
5935 2
5936 2
5937 2
5938 2
5939 3
5940 3
5941 1
5942 2
5943 3
5944 3
5945 3
5946 3
5947 3
5948 3
5949 4
5950 4
5951 1
5952 2
5953 3
5954 4
5955 4
5956 4
5957 4
5958 4
5959 4
5960 4
5961 1
5962 2
5963 3
5964 4
5965 4
5966 4
5967 4
5968 4
5969 4
5970 4
5971 1
5972 2
5973 3
5974 4
5975 4
5976 4
5977 4
5978 4
5979 4
5980 4
5981 1
5982 2
5983 3
5984 4
5985 4
5986 4
5987 4
5988 4
5989 4
5990 4
5991 1
5992 2
5993 3
5994 4
5995 4
5996 4
5997 4
5998 4
5999 5
6000 5
6001 1
6002 2
6003 3
6004 4
6005 5
6006 5
6007 5
6008 5
6009 5
6010 1
6011 1
6012 1
6013 1
6014 1
6015 1
6016 1
6017 1
6018 1
6019 1
6020 1
6021 1
6022 1
6023 1
6024 1
6025 1
6026 1
6027 1
6028 1
6029 2
6030 2
6031 1
6032 2
6033 2
6034 2
6035 2
6036 2
6037 2
6038 2
6039 3
6040 3
6041 1
6042 2
6043 3
6044 3
6045 3
6046 3
6047 3
6048 3
6049 4
6050 4
6051 1
6052 2
6053 3
6054 4
6055 4
6056 4
6057 4
6058 4
6059 5
6060 5
6061 1
6062 2
6063 3
6064 4
6065 5
6066 5
6067 5
6068 5
6069 5
6070 5
6071 1
6072 2
6073 3
6074 4
6075 5
6076 5
6077 5
6078 5
6079 5
6080 5
6081 1
6082 2
6083 3
6084 4
6085 5
6086 5
6087 5
6088 5
6089 5
6090 5
6091 1
6092 2
6093 3
6094 4
6095 5
6096 5
6097 5
6098 5
6099 5
6100 1
6101 1
6102 1
6103 1
6104 1
6105 1
6106 1
6107 1
6108 1
6109 1
6110 1
6111 1
6112 1
6113 1
6114 1
6115 1
6116 1
6117 1
6118 1
6119 1
6120 1
6121 1
6122 1
6123 1
6124 1
6125 1
6126 1
6127 1
6128 1
6129 1
6130 1
6131 1
6132 1
6133 1
6134 1
6135 1
6136 1
6137 1
6138 1
6139 1
6140 1
6141 1
6142 1
6143 1
6144 1
6145 1
6146 1
6147 1
6148 1
6149 1
6150 1
6151 1
6152 1
6153 1
6154 1
6155 1
6156 1
6157 1
6158 1
6159 1
6160 1
6161 1
6162 1
6163 1
6164 1
6165 1
6166 1
6167 1
6168 1
6169 1
6170 1
6171 1
6172 1
6173 1
6174 1
6175 1
6176 1
6177 1
6178 1
6179 1
6180 1
6181 1
6182 1
6183 1
6184 1
6185 1
6186 1
6187 1
6188 1
6189 1
6190 1
6191 1
6192 1
6193 1
6194 1
6195 1
6196 1
6197 1
6198 1
6199 1
6200 1
6201 1
6202 1
6203 1
6204 1
6205 1
6206 1
6207 1
6208 1
6209 1
6210 1
6211 1
6212 1
6213 1
6214 1
6215 1
6216 1
6217 1
6218 1
6219 1
6220 1
6221 1
6222 1
6223 1
6224 1
6225 1
6226 1
6227 1
6228 1
6229 1
6230 1
6231 1
6232 1
6233 1
6234 1
6235 1
6236 1
6237 1
6238 1
6239 1
6240 1
6241 1
6242 1
6243 1
6244 1
6245 1
6246 1
6247 1
6248 1
6249 1
6250 1
6251 1
6252 1
6253 1
6254 1
6255 1
6256 1
6257 1
6258 1
6259 1
6260 1
6261 1
6262 1
6263 1
6264 1
6265 1
6266 1
6267 1
6268 1
6269 1
6270 1
6271 1
6272 1
6273 1
6274 1
6275 1
6276 1
6277 1
6278 1
6279 1
6280 1
6281 1
6282 1
6283 1
6284 1
6285 1
6286 1
6287 1
6288 1
6289 1
6290 1
6291 1
6292 1
6293 1
6294 1
6295 1
6296 1
6297 1
6298 1
6299 2
6300 2
6301 1
6302 2
6303 2
6304 2
6305 2
6306 2
6307 2
6308 2
6309 2
6310 1
6311 1
6312 1
6313 1
6314 1
6315 1
6316 1
6317 1
6318 1
6319 1
6320 1
6321 1
6322 1
6323 1
6324 1
6325 1
6326 1
6327 1
6328 1
6329 2
6330 2
6331 1
6332 2
6333 2
6334 2
6335 2
6336 2
6337 2
6338 2
6339 2
6340 2
6341 1
6342 2
6343 2
6344 2
6345 2
6346 2
6347 2
6348 2
6349 2
6350 2
6351 1
6352 2
6353 2
6354 2
6355 2
6356 2
6357 2
6358 2
6359 2
6360 2
6361 1
6362 2
6363 2
6364 2
6365 2
6366 2
6367 2
6368 2
6369 2
6370 2
6371 1
6372 2
6373 2
6374 2
6375 2
6376 2
6377 2
6378 2
6379 2
6380 2
6381 1
6382 2
6383 2
6384 2
6385 2
6386 2
6387 2
6388 2
6389 2
6390 2
6391 1
6392 2
6393 2
6394 2
6395 2
6396 2
6397 2
6398 2
6399 3
6400 3
6401 1
6402 2
6403 3
6404 3
6405 3
6406 3
6407 3
6408 3
6409 3
6410 1
6411 1
6412 1
6413 1
6414 1
6415 1
6416 1
6417 1
6418 1
6419 1
6420 1
6421 1
6422 1
6423 1
6424 1
6425 1
6426 1
6427 1
6428 1
6429 2
6430 2
6431 1
6432 2
6433 2
6434 2
6435 2
6436 2
6437 2
6438 2
6439 3
6440 3
6441 1
6442 2
6443 3
6444 3
6445 3
6446 3
6447 3
6448 3
6449 3
6450 3
6451 1
6452 2
6453 3
6454 3
6455 3
6456 3
6457 3
6458 3
6459 3
6460 3
6461 1
6462 2
6463 3
6464 3
6465 3
6466 3
6467 3
6468 3
6469 3
6470 3
6471 1
6472 2
6473 3
6474 3
6475 3
6476 3
6477 3
6478 3
6479 3
6480 3
6481 1
6482 2
6483 3
6484 3
6485 3
6486 3
6487 3
6488 3
6489 3
6490 3
6491 1
6492 2
6493 3
6494 3
6495 3
6496 3
6497 3
6498 3
6499 4
6500 4
6501 1
6502 2
6503 3
6504 4
6505 4
6506 4
6507 4
6508 4
6509 4
6510 1
6511 1
6512 1
6513 1
6514 1
6515 1
6516 1
6517 1
6518 1
6519 1
6520 1
6521 1
6522 1
6523 1
6524 1
6525 1
6526 1
6527 1
6528 1
6529 2
6530 2
6531 1
6532 2
6533 2
6534 2
6535 2
6536 2
6537 2
6538 2
6539 3
6540 3
6541 1
6542 2
6543 3
6544 3
6545 3
6546 3
6547 3
6548 3
6549 4
6550 4
6551 1
6552 2
6553 3
6554 4
6555 4
6556 4
6557 4
6558 4
6559 4
6560 4
6561 1
6562 2
6563 3
6564 4
6565 4
6566 4
6567 4
6568 4
6569 4
6570 4
6571 1
6572 2
6573 3
6574 4
6575 4
6576 4
6577 4
6578 4
6579 4
6580 4
6581 1
6582 2
6583 3
6584 4
6585 4
6586 4
6587 4
6588 4
6589 4
6590 4
6591 1
6592 2
6593 3
6594 4
6595 4
6596 4
6597 4
6598 4
6599 5
6600 5
6601 1
6602 2
6603 3
6604 4
6605 5
6606 5
6607 5
6608 5
6609 5
6610 1
6611 1
6612 1
6613 1
6614 1
6615 1
6616 1
6617 1
6618 1
6619 1
6620 1
6621 1
6622 1
6623 1
6624 1
6625 1
6626 1
6627 1
6628 1
6629 2
6630 2
6631 1
6632 2
6633 2
6634 2
6635 2
6636 2
6637 2
6638 2
6639 3
6640 3
6641 1
6642 2
6643 3
6644 3
6645 3
6646 3
6647 3
6648 3
6649 4
6650 4
6651 1
6652 2
6653 3
6654 4
6655 4
6656 4
6657 4
6658 4
6659 5
6660 5
6661 1
6662 2
6663 3
6664 4
6665 5
6666 5
6667 5
6668 5
6669 5
6670 5
6671 1
6672 2
6673 3
6674 4
6675 5
6676 5
6677 5
6678 5
6679 5
6680 5
6681 1
6682 2
6683 3
6684 4
6685 5
6686 5
6687 5
6688 5
6689 5
6690 5
6691 1
6692 2
6693 3
6694 4
6695 5
6696 5
6697 5
6698 5
6699 5
6700 5
6701 1
6702 2
6703 3
6704 4
6705 5
6706 5
6707 5
6708 5
6709 5
6710 1
6711 1
6712 1
6713 1
6714 1
6715 1
6716 1
6717 1
6718 1
6719 1
6720 1
6721 1
6722 1
6723 1
6724 1
6725 1
6726 1
6727 1
6728 1
6729 2
6730 2
6731 1
6732 2
6733 2
6734 2
6735 2
6736 2
6737 2
6738 2
6739 3
6740 3
6741 1
6742 2
6743 3
6744 3
6745 3
6746 3
6747 3
6748 3
6749 4
6750 4
6751 1
6752 2
6753 3
6754 4
6755 4
6756 4
6757 4
6758 4
6759 5
6760 5
6761 1
6762 2
6763 3
6764 4
6765 5
6766 5
6767 5
6768 5
6769 5
6770 5
6771 1
6772 2
6773 3
6774 4
6775 5
6776 5
6777 5
6778 5
6779 5
6780 5
6781 1
6782 2
6783 3
6784 4
6785 5
6786 5
6787 5
6788 5
6789 5
6790 5
6791 1
6792 2
6793 3
6794 4
6795 5
6796 5
6797 5
6798 5
6799 5
6800 5
6801 1
6802 2
6803 3
6804 4
6805 5
6806 5
6807 5
6808 5
6809 5
6810 1
6811 1
6812 1
6813 1
6814 1
6815 1
6816 1
6817 1
6818 1
6819 1
6820 1
6821 1
6822 1
6823 1
6824 1
6825 1
6826 1
6827 1
6828 1
6829 2
6830 2
6831 1
6832 2
6833 2
6834 2
6835 2
6836 2
6837 2
6838 2
6839 3
6840 3
6841 1
6842 2
6843 3
6844 3
6845 3
6846 3
6847 3
6848 3
6849 4
6850 4
6851 1
6852 2
6853 3
6854 4
6855 4
6856 4
6857 4
6858 4
6859 5
6860 5
6861 1
6862 2
6863 3
6864 4
6865 5
6866 5
6867 5
6868 5
6869 5
6870 5
6871 1
6872 2
6873 3
6874 4
6875 5
6876 5
6877 5
6878 5
6879 5
6880 5
6881 1
6882 2
6883 3
6884 4
6885 5
6886 5
6887 5
6888 5
6889 5
6890 5
6891 1
6892 2
6893 3
6894 4
6895 5
6896 5
6897 5
6898 5
6899 5
6900 5
6901 1
6902 2
6903 3
6904 4
6905 5
6906 5
6907 5
6908 5
6909 5
6910 1
6911 1
6912 1
6913 1
6914 1
6915 1
6916 1
6917 1
6918 1
6919 1
6920 1
6921 1
6922 1
6923 1
6924 1
6925 1
6926 1
6927 1
6928 1
6929 2
6930 2
6931 1
6932 2
6933 2
6934 2
6935 2
6936 2
6937 2
6938 2
6939 3
6940 3
6941 1
6942 2
6943 3
6944 3
6945 3
6946 3
6947 3
6948 3
6949 4
6950 4
6951 1
6952 2
6953 3
6954 4
6955 4
6956 4
6957 4
6958 4
6959 5
6960 5
6961 1
6962 2
6963 3
6964 4
6965 5
6966 5
6967 5
6968 5
6969 5
6970 5
6971 1
6972 2
6973 3
6974 4
6975 5
6976 5
6977 5
6978 5
6979 5
6980 5
6981 1
6982 2
6983 3
6984 4
6985 5
6986 5
6987 5
6988 5
6989 5
6990 5
6991 1
6992 2
6993 3
6994 4
6995 5
6996 5
6997 5
6998 5
6999 6
7000 6
7001 1
7002 2
7003 3
7004 4
7005 5
7006 6
7007 6
7008 6
7009 6
7010 1
7011 1
7012 1
7013 1
7014 1
7015 1
7016 1
7017 1
7018 1
7019 1
7020 1
7021 1
7022 1
7023 1
7024 1
7025 1
7026 1
7027 1
7028 1
7029 2
7030 2
7031 1
7032 2
7033 2
7034 2
7035 2
7036 2
7037 2
7038 2
7039 3
7040 3
7041 1
7042 2
7043 3
7044 3
7045 3
7046 3
7047 3
7048 3
7049 4
7050 4
7051 1
7052 2
7053 3
7054 4
7055 4
7056 4
7057 4
7058 4
7059 5
7060 5
7061 1
7062 2
7063 3
7064 4
7065 5
7066 5
7067 5
7068 5
7069 6
7070 6
7071 1
7072 2
7073 3
7074 4
7075 5
7076 6
7077 6
7078 6
7079 6
7080 6
7081 1
7082 2
7083 3
7084 4
7085 5
7086 6
7087 6
7088 6
7089 6
7090 6
7091 1
7092 2
7093 3
7094 4
7095 5
7096 6
7097 6
7098 6
7099 6
7100 1
7101 1
7102 1
7103 1
7104 1
7105 1
7106 1
7107 1
7108 1
7109 1
7110 1
7111 1
7112 1
7113 1
7114 1
7115 1
7116 1
7117 1
7118 1
7119 1
7120 1
7121 1
7122 1
7123 1
7124 1
7125 1
7126 1
7127 1
7128 1
7129 1
7130 1
7131 1
7132 1
7133 1
7134 1
7135 1
7136 1
7137 1
7138 1
7139 1
7140 1
7141 1
7142 1
7143 1
7144 1
7145 1
7146 1
7147 1
7148 1
7149 1
7150 1
7151 1
7152 1
7153 1
7154 1
7155 1
7156 1
7157 1
7158 1
7159 1
7160 1
7161 1
7162 1
7163 1
7164 1
7165 1
7166 1
7167 1
7168 1
7169 1
7170 1
7171 1
7172 1
7173 1
7174 1
7175 1
7176 1
7177 1
7178 1
7179 1
7180 1
7181 1
7182 1
7183 1
7184 1
7185 1
7186 1
7187 1
7188 1
7189 1
7190 1
7191 1
7192 1
7193 1
7194 1
7195 1
7196 1
7197 1
7198 1
7199 1
7200 1
7201 1
7202 1
7203 1
7204 1
7205 1
7206 1
7207 1
7208 1
7209 1
7210 1
7211 1
7212 1
7213 1
7214 1
7215 1
7216 1
7217 1
7218 1
7219 1
7220 1
7221 1
7222 1
7223 1
7224 1
7225 1
7226 1
7227 1
7228 1
7229 1
7230 1
7231 1
7232 1
7233 1
7234 1
7235 1
7236 1
7237 1
7238 1
7239 1
7240 1
7241 1
7242 1
7243 1
7244 1
7245 1
7246 1
7247 1
7248 1
7249 1
7250 1
7251 1
7252 1
7253 1
7254 1
7255 1
7256 1
7257 1
7258 1
7259 1
7260 1
7261 1
7262 1
7263 1
7264 1
7265 1
7266 1
7267 1
7268 1
7269 1
7270 1
7271 1
7272 1
7273 1
7274 1
7275 1
7276 1
7277 1
7278 1
7279 1
7280 1
7281 1
7282 1
7283 1
7284 1
7285 1
7286 1
7287 1
7288 1
7289 1
7290 1
7291 1
7292 1
7293 1
7294 1
7295 1
7296 1
7297 1
7298 1
7299 2
7300 2
7301 1
7302 2
7303 2
7304 2
7305 2
7306 2
7307 2
7308 2
7309 2
7310 1
7311 1
7312 1
7313 1
7314 1
7315 1
7316 1
7317 1
7318 1
7319 1
7320 1
7321 1
7322 1
7323 1
7324 1
7325 1
7326 1
7327 1
7328 1
7329 2
7330 2
7331 1
7332 2
7333 2
7334 2
7335 2
7336 2
7337 2
7338 2
7339 2
7340 2
7341 1
7342 2
7343 2
7344 2
7345 2
7346 2
7347 2
7348 2
7349 2
7350 2
7351 1
7352 2
7353 2
7354 2
7355 2
7356 2
7357 2
7358 2
7359 2
7360 2
7361 1
7362 2
7363 2
7364 2
7365 2
7366 2
7367 2
7368 2
7369 2
7370 2
7371 1
7372 2
7373 2
7374 2
7375 2
7376 2
7377 2
7378 2
7379 2
7380 2
7381 1
7382 2
7383 2
7384 2
7385 2
7386 2
7387 2
7388 2
7389 2
7390 2
7391 1
7392 2
7393 2
7394 2
7395 2
7396 2
7397 2
7398 2
7399 3
7400 3
7401 1
7402 2
7403 3
7404 3
7405 3
7406 3
7407 3
7408 3
7409 3
7410 1
7411 1
7412 1
7413 1
7414 1
7415 1
7416 1
7417 1
7418 1
7419 1
7420 1
7421 1
7422 1
7423 1
7424 1
7425 1
7426 1
7427 1
7428 1
7429 2
7430 2
7431 1
7432 2
7433 2
7434 2
7435 2
7436 2
7437 2
7438 2
7439 3
7440 3
7441 1
7442 2
7443 3
7444 3
7445 3
7446 3
7447 3
7448 3
7449 3
7450 3
7451 1
7452 2
7453 3
7454 3
7455 3
7456 3
7457 3
7458 3
7459 3
7460 3
7461 1
7462 2
7463 3
7464 3
7465 3
7466 3
7467 3
7468 3
7469 3
7470 3
7471 1
7472 2
7473 3
7474 3
7475 3
7476 3
7477 3
7478 3
7479 3
7480 3
7481 1
7482 2
7483 3
7484 3
7485 3
7486 3
7487 3
7488 3
7489 3
7490 3
7491 1
7492 2
7493 3
7494 3
7495 3
7496 3
7497 3
7498 3
7499 4
7500 4
7501 1
7502 2
7503 3
7504 4
7505 4
7506 4
7507 4
7508 4
7509 4
7510 1
7511 1
7512 1
7513 1
7514 1
7515 1
7516 1
7517 1
7518 1
7519 1
7520 1
7521 1
7522 1
7523 1
7524 1
7525 1
7526 1
7527 1
7528 1
7529 2
7530 2
7531 1
7532 2
7533 2
7534 2
7535 2
7536 2
7537 2
7538 2
7539 3
7540 3
7541 1
7542 2
7543 3
7544 3
7545 3
7546 3
7547 3
7548 3
7549 4
7550 4
7551 1
7552 2
7553 3
7554 4
7555 4
7556 4
7557 4
7558 4
7559 4
7560 4
7561 1
7562 2
7563 3
7564 4
7565 4
7566 4
7567 4
7568 4
7569 4
7570 4
7571 1
7572 2
7573 3
7574 4
7575 4
7576 4
7577 4
7578 4
7579 4
7580 4
7581 1
7582 2
7583 3
7584 4
7585 4
7586 4
7587 4
7588 4
7589 4
7590 4
7591 1
7592 2
7593 3
7594 4
7595 4
7596 4
7597 4
7598 4
7599 5
7600 5
7601 1
7602 2
7603 3
7604 4
7605 5
7606 5
7607 5
7608 5
7609 5
7610 1
7611 1
7612 1
7613 1
7614 1
7615 1
7616 1
7617 1
7618 1
7619 1
7620 1
7621 1
7622 1
7623 1
7624 1
7625 1
7626 1
7627 1
7628 1
7629 2
7630 2
7631 1
7632 2
7633 2
7634 2
7635 2
7636 2
7637 2
7638 2
7639 3
7640 3
7641 1
7642 2
7643 3
7644 3
7645 3
7646 3
7647 3
7648 3
7649 4
7650 4
7651 1
7652 2
7653 3
7654 4
7655 4
7656 4
7657 4
7658 4
7659 5
7660 5
7661 1
7662 2
7663 3
7664 4
7665 5
7666 5
7667 5
7668 5
7669 5
7670 5
7671 1
7672 2
7673 3
7674 4
7675 5
7676 5
7677 5
7678 5
7679 5
7680 5
7681 1
7682 2
7683 3
7684 4
7685 5
7686 5
7687 5
7688 5
7689 5
7690 5
7691 1
7692 2
7693 3
7694 4
7695 5
7696 5
7697 5
7698 5
7699 6
7700 6
7701 1
7702 2
7703 3
7704 4
7705 5
7706 6
7707 6
7708 6
7709 6
7710 1
7711 1
7712 1
7713 1
7714 1
7715 1
7716 1
7717 1
7718 1
7719 1
7720 1
7721 1
7722 1
7723 1
7724 1
7725 1
7726 1
7727 1
7728 1
7729 2
7730 2
7731 1
7732 2
7733 2
7734 2
7735 2
7736 2
7737 2
7738 2
7739 3
7740 3
7741 1
7742 2
7743 3
7744 3
7745 3
7746 3
7747 3
7748 3
7749 4
7750 4
7751 1
7752 2
7753 3
7754 4
7755 4
7756 4
7757 4
7758 4
7759 5
7760 5
7761 1
7762 2
7763 3
7764 4
7765 5
7766 5
7767 5
7768 5
7769 6
7770 6
7771 1
7772 2
7773 3
7774 4
7775 5
7776 6
7777 6
7778 6
7779 6
7780 6
7781 1
7782 2
7783 3
7784 4
7785 5
7786 6
7787 6
7788 6
7789 6
7790 6
7791 1
7792 2
7793 3
7794 4
7795 5
7796 6
7797 6
7798 6
7799 6
7800 6
7801 1
7802 2
7803 3
7804 4
7805 5
7806 6
7807 6
7808 6
7809 6
7810 1
7811 1
7812 1
7813 1
7814 1
7815 1
7816 1
7817 1
7818 1
7819 1
7820 1
7821 1
7822 1
7823 1
7824 1
7825 1
7826 1
7827 1
7828 1
7829 2
7830 2
7831 1
7832 2
7833 2
7834 2
7835 2
7836 2
7837 2
7838 2
7839 3
7840 3
7841 1
7842 2
7843 3
7844 3
7845 3
7846 3
7847 3
7848 3
7849 4
7850 4
7851 1
7852 2
7853 3
7854 4
7855 4
7856 4
7857 4
7858 4
7859 5
7860 5
7861 1
7862 2
7863 3
7864 4
7865 5
7866 5
7867 5
7868 5
7869 6
7870 6
7871 1
7872 2
7873 3
7874 4
7875 5
7876 6
7877 6
7878 6
7879 6
7880 6
7881 1
7882 2
7883 3
7884 4
7885 5
7886 6
7887 6
7888 6
7889 6
7890 6
7891 1
7892 2
7893 3
7894 4
7895 5
7896 6
7897 6
7898 6
7899 6
7900 6
7901 1
7902 2
7903 3
7904 4
7905 5
7906 6
7907 6
7908 6
7909 6
7910 1
7911 1
7912 1
7913 1
7914 1
7915 1
7916 1
7917 1
7918 1
7919 1
7920 1
7921 1
7922 1
7923 1
7924 1
7925 1
7926 1
7927 1
7928 1
7929 2
7930 2
7931 1
7932 2
7933 2
7934 2
7935 2
7936 2
7937 2
7938 2
7939 3
7940 3
7941 1
7942 2
7943 3
7944 3
7945 3
7946 3
7947 3
7948 3
7949 4
7950 4
7951 1
7952 2
7953 3
7954 4
7955 4
7956 4
7957 4
7958 4
7959 5
7960 5
7961 1
7962 2
7963 3
7964 4
7965 5
7966 5
7967 5
7968 5
7969 6
7970 6
7971 1
7972 2
7973 3
7974 4
7975 5
7976 6
7977 6
7978 6
7979 6
7980 6
7981 1
7982 2
7983 3
7984 4
7985 5
7986 6
7987 6
7988 6
7989 6
7990 6
7991 1
7992 2
7993 3
7994 4
7995 5
7996 6
7997 6
7998 6
7999 7
8000 7
8001 1
8002 2
8003 3
8004 4
8005 5
8006 6
8007 7
8008 7
8009 7
8010 1
8011 1
8012 1
8013 1
8014 1
8015 1
8016 1
8017 1
8018 1
8019 1
8020 1
8021 1
8022 1
8023 1
8024 1
8025 1
8026 1
8027 1
8028 1
8029 2
8030 2
8031 1
8032 2
8033 2
8034 2
8035 2
8036 2
8037 2
8038 2
8039 3
8040 3
8041 1
8042 2
8043 3
8044 3
8045 3
8046 3
8047 3
8048 3
8049 4
8050 4
8051 1
8052 2
8053 3
8054 4
8055 4
8056 4
8057 4
8058 4
8059 5
8060 5
8061 1
8062 2
8063 3
8064 4
8065 5
8066 5
8067 5
8068 5
8069 6
8070 6
8071 1
8072 2
8073 3
8074 4
8075 5
8076 6
8077 6
8078 6
8079 7
8080 7
8081 1
8082 2
8083 3
8084 4
8085 5
8086 6
8087 7
8088 7
8089 7
8090 7
8091 1
8092 2
8093 3
8094 4
8095 5
8096 6
8097 7
8098 7
8099 7
8100 1
8101 1
8102 1
8103 1
8104 1
8105 1
8106 1
8107 1
8108 1
8109 1
8110 1
8111 1
8112 1
8113 1
8114 1
8115 1
8116 1
8117 1
8118 1
8119 1
8120 1
8121 1
8122 1
8123 1
8124 1
8125 1
8126 1
8127 1
8128 1
8129 1
8130 1
8131 1
8132 1
8133 1
8134 1
8135 1
8136 1
8137 1
8138 1
8139 1
8140 1
8141 1
8142 1
8143 1
8144 1
8145 1
8146 1
8147 1
8148 1
8149 1
8150 1
8151 1
8152 1
8153 1
8154 1
8155 1
8156 1
8157 1
8158 1
8159 1
8160 1
8161 1
8162 1
8163 1
8164 1
8165 1
8166 1
8167 1
8168 1
8169 1
8170 1
8171 1
8172 1
8173 1
8174 1
8175 1
8176 1
8177 1
8178 1
8179 1
8180 1
8181 1
8182 1
8183 1
8184 1
8185 1
8186 1
8187 1
8188 1
8189 1
8190 1
8191 1
8192 1
8193 1
8194 1
8195 1
8196 1
8197 1
8198 1
8199 1
8200 1
8201 1
8202 1
8203 1
8204 1
8205 1
8206 1
8207 1
8208 1
8209 1
8210 1
8211 1
8212 1
8213 1
8214 1
8215 1
8216 1
8217 1
8218 1
8219 1
8220 1
8221 1
8222 1
8223 1
8224 1
8225 1
8226 1
8227 1
8228 1
8229 1
8230 1
8231 1
8232 1
8233 1
8234 1
8235 1
8236 1
8237 1
8238 1
8239 1
8240 1
8241 1
8242 1
8243 1
8244 1
8245 1
8246 1
8247 1
8248 1
8249 1
8250 1
8251 1
8252 1
8253 1
8254 1
8255 1
8256 1
8257 1
8258 1
8259 1
8260 1
8261 1
8262 1
8263 1
8264 1
8265 1
8266 1
8267 1
8268 1
8269 1
8270 1
8271 1
8272 1
8273 1
8274 1
8275 1
8276 1
8277 1
8278 1
8279 1
8280 1
8281 1
8282 1
8283 1
8284 1
8285 1
8286 1
8287 1
8288 1
8289 1
8290 1
8291 1
8292 1
8293 1
8294 1
8295 1
8296 1
8297 1
8298 1
8299 2
8300 2
8301 1
8302 2
8303 2
8304 2
8305 2
8306 2
8307 2
8308 2
8309 2
8310 1
8311 1
8312 1
8313 1
8314 1
8315 1
8316 1
8317 1
8318 1
8319 1
8320 1
8321 1
8322 1
8323 1
8324 1
8325 1
8326 1
8327 1
8328 1
8329 2
8330 2
8331 1
8332 2
8333 2
8334 2
8335 2
8336 2
8337 2
8338 2
8339 2
8340 2
8341 1
8342 2
8343 2
8344 2
8345 2
8346 2
8347 2
8348 2
8349 2
8350 2
8351 1
8352 2
8353 2
8354 2
8355 2
8356 2
8357 2
8358 2
8359 2
8360 2
8361 1
8362 2
8363 2
8364 2
8365 2
8366 2
8367 2
8368 2
8369 2
8370 2
8371 1
8372 2
8373 2
8374 2
8375 2
8376 2
8377 2
8378 2
8379 2
8380 2
8381 1
8382 2
8383 2
8384 2
8385 2
8386 2
8387 2
8388 2
8389 2
8390 2
8391 1
8392 2
8393 2
8394 2
8395 2
8396 2
8397 2
8398 2
8399 3
8400 3
8401 1
8402 2
8403 3
8404 3
8405 3
8406 3
8407 3
8408 3
8409 3
8410 1
8411 1
8412 1
8413 1
8414 1
8415 1
8416 1
8417 1
8418 1
8419 1
8420 1
8421 1
8422 1
8423 1
8424 1
8425 1
8426 1
8427 1
8428 1
8429 2
8430 2
8431 1
8432 2
8433 2
8434 2
8435 2
8436 2
8437 2
8438 2
8439 3
8440 3
8441 1
8442 2
8443 3
8444 3
8445 3
8446 3
8447 3
8448 3
8449 3
8450 3
8451 1
8452 2
8453 3
8454 3
8455 3
8456 3
8457 3
8458 3
8459 3
8460 3
8461 1
8462 2
8463 3
8464 3
8465 3
8466 3
8467 3
8468 3
8469 3
8470 3
8471 1
8472 2
8473 3
8474 3
8475 3
8476 3
8477 3
8478 3
8479 3
8480 3
8481 1
8482 2
8483 3
8484 3
8485 3
8486 3
8487 3
8488 3
8489 3
8490 3
8491 1
8492 2
8493 3
8494 3
8495 3
8496 3
8497 3
8498 3
8499 4
8500 4
8501 1
8502 2
8503 3
8504 4
8505 4
8506 4
8507 4
8508 4
8509 4
8510 1
8511 1
8512 1
8513 1
8514 1
8515 1
8516 1
8517 1
8518 1
8519 1
8520 1
8521 1
8522 1
8523 1
8524 1
8525 1
8526 1
8527 1
8528 1
8529 2
8530 2
8531 1
8532 2
8533 2
8534 2
8535 2
8536 2
8537 2
8538 2
8539 3
8540 3
8541 1
8542 2
8543 3
8544 3
8545 3
8546 3
8547 3
8548 3
8549 4
8550 4
8551 1
8552 2
8553 3
8554 4
8555 4
8556 4
8557 4
8558 4
8559 4
8560 4
8561 1
8562 2
8563 3
8564 4
8565 4
8566 4
8567 4
8568 4
8569 4
8570 4
8571 1
8572 2
8573 3
8574 4
8575 4
8576 4
8577 4
8578 4
8579 4
8580 4
8581 1
8582 2
8583 3
8584 4
8585 4
8586 4
8587 4
8588 4
8589 4
8590 4
8591 1
8592 2
8593 3
8594 4
8595 4
8596 4
8597 4
8598 4
8599 5
8600 5
8601 1
8602 2
8603 3
8604 4
8605 5
8606 5
8607 5
8608 5
8609 5
8610 1
8611 1
8612 1
8613 1
8614 1
8615 1
8616 1
8617 1
8618 1
8619 1
8620 1
8621 1
8622 1
8623 1
8624 1
8625 1
8626 1
8627 1
8628 1
8629 2
8630 2
8631 1
8632 2
8633 2
8634 2
8635 2
8636 2
8637 2
8638 2
8639 3
8640 3
8641 1
8642 2
8643 3
8644 3
8645 3
8646 3
8647 3
8648 3
8649 4
8650 4
8651 1
8652 2
8653 3
8654 4
8655 4
8656 4
8657 4
8658 4
8659 5
8660 5
8661 1
8662 2
8663 3
8664 4
8665 5
8666 5
8667 5
8668 5
8669 5
8670 5
8671 1
8672 2
8673 3
8674 4
8675 5
8676 5
8677 5
8678 5
8679 5
8680 5
8681 1
8682 2
8683 3
8684 4
8685 5
8686 5
8687 5
8688 5
8689 5
8690 5
8691 1
8692 2
8693 3
8694 4
8695 5
8696 5
8697 5
8698 5
8699 6
8700 6
8701 1
8702 2
8703 3
8704 4
8705 5
8706 6
8707 6
8708 6
8709 6
8710 1
8711 1
8712 1
8713 1
8714 1
8715 1
8716 1
8717 1
8718 1
8719 1
8720 1
8721 1
8722 1
8723 1
8724 1
8725 1
8726 1
8727 1
8728 1
8729 2
8730 2
8731 1
8732 2
8733 2
8734 2
8735 2
8736 2
8737 2
8738 2
8739 3
8740 3
8741 1
8742 2
8743 3
8744 3
8745 3
8746 3
8747 3
8748 3
8749 4
8750 4
8751 1
8752 2
8753 3
8754 4
8755 4
8756 4
8757 4
8758 4
8759 5
8760 5
8761 1
8762 2
8763 3
8764 4
8765 5
8766 5
8767 5
8768 5
8769 6
8770 6
8771 1
8772 2
8773 3
8774 4
8775 5
8776 6
8777 6
8778 6
8779 6
8780 6
8781 1
8782 2
8783 3
8784 4
8785 5
8786 6
8787 6
8788 6
8789 6
8790 6
8791 1
8792 2
8793 3
8794 4
8795 5
8796 6
8797 6
8798 6
8799 7
8800 7
8801 1
8802 2
8803 3
8804 4
8805 5
8806 6
8807 7
8808 7
8809 7
8810 1
8811 1
8812 1
8813 1
8814 1
8815 1
8816 1
8817 1
8818 1
8819 1
8820 1
8821 1
8822 1
8823 1
8824 1
8825 1
8826 1
8827 1
8828 1
8829 2
8830 2
8831 1
8832 2
8833 2
8834 2
8835 2
8836 2
8837 2
8838 2
8839 3
8840 3
8841 1
8842 2
8843 3
8844 3
8845 3
8846 3
8847 3
8848 3
8849 4
8850 4
8851 1
8852 2
8853 3
8854 4
8855 4
8856 4
8857 4
8858 4
8859 5
8860 5
8861 1
8862 2
8863 3
8864 4
8865 5
8866 5
8867 5
8868 5
8869 6
8870 6
8871 1
8872 2
8873 3
8874 4
8875 5
8876 6
8877 6
8878 6
8879 7
8880 7
8881 1
8882 2
8883 3
8884 4
8885 5
8886 6
8887 7
8888 7
8889 7
8890 7
8891 1
8892 2
8893 3
8894 4
8895 5
8896 6
8897 7
8898 7
8899 7
8900 7
8901 1
8902 2
8903 3
8904 4
8905 5
8906 6
8907 7
8908 7
8909 7
8910 1
8911 1
8912 1
8913 1
8914 1
8915 1
8916 1
8917 1
8918 1
8919 1
8920 1
8921 1
8922 1
8923 1
8924 1
8925 1
8926 1
8927 1
8928 1
8929 2
8930 2
8931 1
8932 2
8933 2
8934 2
8935 2
8936 2
8937 2
8938 2
8939 3
8940 3
8941 1
8942 2
8943 3
8944 3
8945 3
8946 3
8947 3
8948 3
8949 4
8950 4
8951 1
8952 2
8953 3
8954 4
8955 4
8956 4
8957 4
8958 4
8959 5
8960 5
8961 1
8962 2
8963 3
8964 4
8965 5
8966 5
8967 5
8968 5
8969 6
8970 6
8971 1
8972 2
8973 3
8974 4
8975 5
8976 6
8977 6
8978 6
8979 7
8980 7
8981 1
8982 2
8983 3
8984 4
8985 5
8986 6
8987 7
8988 7
8989 7
8990 7
8991 1
8992 2
8993 3
8994 4
8995 5
8996 6
8997 7
8998 7
8999 8
9000 8
9001 1
9002 2
9003 3
9004 4
9005 5
9006 6
9007 7
9008 8
9009 8
9010 1
9011 1
9012 1
9013 1
9014 1
9015 1
9016 1
9017 1
9018 1
9019 1
9020 1
9021 1
9022 1
9023 1
9024 1
9025 1
9026 1
9027 1
9028 1
9029 2
9030 2
9031 1
9032 2
9033 2
9034 2
9035 2
9036 2
9037 2
9038 2
9039 3
9040 3
9041 1
9042 2
9043 3
9044 3
9045 3
9046 3
9047 3
9048 3
9049 4
9050 4
9051 1
9052 2
9053 3
9054 4
9055 4
9056 4
9057 4
9058 4
9059 5
9060 5
9061 1
9062 2
9063 3
9064 4
9065 5
9066 5
9067 5
9068 5
9069 6
9070 6
9071 1
9072 2
9073 3
9074 4
9075 5
9076 6
9077 6
9078 6
9079 7
9080 7
9081 1
9082 2
9083 3
9084 4
9085 5
9086 6
9087 7
9088 7
9089 8
9090 8
9091 1
9092 2
9093 3
9094 4
9095 5
9096 6
9097 7
9098 8
9099 8
9100 1
9101 1
9102 1
9103 1
9104 1
9105 1
9106 1
9107 1
9108 1
9109 1
9110 1
9111 1
9112 1
9113 1
9114 1
9115 1
9116 1
9117 1
9118 1
9119 1
9120 1
9121 1
9122 1
9123 1
9124 1
9125 1
9126 1
9127 1
9128 1
9129 1
9130 1
9131 1
9132 1
9133 1
9134 1
9135 1
9136 1
9137 1
9138 1
9139 1
9140 1
9141 1
9142 1
9143 1
9144 1
9145 1
9146 1
9147 1
9148 1
9149 1
9150 1
9151 1
9152 1
9153 1
9154 1
9155 1
9156 1
9157 1
9158 1
9159 1
9160 1
9161 1
9162 1
9163 1
9164 1
9165 1
9166 1
9167 1
9168 1
9169 1
9170 1
9171 1
9172 1
9173 1
9174 1
9175 1
9176 1
9177 1
9178 1
9179 1
9180 1
9181 1
9182 1
9183 1
9184 1
9185 1
9186 1
9187 1
9188 1
9189 1
9190 1
9191 1
9192 1
9193 1
9194 1
9195 1
9196 1
9197 1
9198 1
9199 1
9200 1
9201 1
9202 1
9203 1
9204 1
9205 1
9206 1
9207 1
9208 1
9209 1
9210 1
9211 1
9212 1
9213 1
9214 1
9215 1
9216 1
9217 1
9218 1
9219 1
9220 1
9221 1
9222 1
9223 1
9224 1
9225 1
9226 1
9227 1
9228 1
9229 1
9230 1
9231 1
9232 1
9233 1
9234 1
9235 1
9236 1
9237 1
9238 1
9239 1
9240 1
9241 1
9242 1
9243 1
9244 1
9245 1
9246 1
9247 1
9248 1
9249 1
9250 1
9251 1
9252 1
9253 1
9254 1
9255 1
9256 1
9257 1
9258 1
9259 1
9260 1
9261 1
9262 1
9263 1
9264 1
9265 1
9266 1
9267 1
9268 1
9269 1
9270 1
9271 1
9272 1
9273 1
9274 1
9275 1
9276 1
9277 1
9278 1
9279 1
9280 1
9281 1
9282 1
9283 1
9284 1
9285 1
9286 1
9287 1
9288 1
9289 1
9290 1
9291 1
9292 1
9293 1
9294 1
9295 1
9296 1
9297 1
9298 1
9299 2
9300 2
9301 1
9302 2
9303 2
9304 2
9305 2
9306 2
9307 2
9308 2
9309 2
9310 1
9311 1
9312 1
9313 1
9314 1
9315 1
9316 1
9317 1
9318 1
9319 1
9320 1
9321 1
9322 1
9323 1
9324 1
9325 1
9326 1
9327 1
9328 1
9329 2
9330 2
9331 1
9332 2
9333 2
9334 2
9335 2
9336 2
9337 2
9338 2
9339 2
9340 2
9341 1
9342 2
9343 2
9344 2
9345 2
9346 2
9347 2
9348 2
9349 2
9350 2
9351 1
9352 2
9353 2
9354 2
9355 2
9356 2
9357 2
9358 2
9359 2
9360 2
9361 1
9362 2
9363 2
9364 2
9365 2
9366 2
9367 2
9368 2
9369 2
9370 2
9371 1
9372 2
9373 2
9374 2
9375 2
9376 2
9377 2
9378 2
9379 2
9380 2
9381 1
9382 2
9383 2
9384 2
9385 2
9386 2
9387 2
9388 2
9389 2
9390 2
9391 1
9392 2
9393 2
9394 2
9395 2
9396 2
9397 2
9398 2
9399 3
9400 3
9401 1
9402 2
9403 3
9404 3
9405 3
9406 3
9407 3
9408 3
9409 3
9410 1
9411 1
9412 1
9413 1
9414 1
9415 1
9416 1
9417 1
9418 1
9419 1
9420 1
9421 1
9422 1
9423 1
9424 1
9425 1
9426 1
9427 1
9428 1
9429 2
9430 2
9431 1
9432 2
9433 2
9434 2
9435 2
9436 2
9437 2
9438 2
9439 3
9440 3
9441 1
9442 2
9443 3
9444 3
9445 3
9446 3
9447 3
9448 3
9449 3
9450 3
9451 1
9452 2
9453 3
9454 3
9455 3
9456 3
9457 3
9458 3
9459 3
9460 3
9461 1
9462 2
9463 3
9464 3
9465 3
9466 3
9467 3
9468 3
9469 3
9470 3
9471 1
9472 2
9473 3
9474 3
9475 3
9476 3
9477 3
9478 3
9479 3
9480 3
9481 1
9482 2
9483 3
9484 3
9485 3
9486 3
9487 3
9488 3
9489 3
9490 3
9491 1
9492 2
9493 3
9494 3
9495 3
9496 3
9497 3
9498 3
9499 4
9500 4
9501 1
9502 2
9503 3
9504 4
9505 4
9506 4
9507 4
9508 4
9509 4
9510 1
9511 1
9512 1
9513 1
9514 1
9515 1
9516 1
9517 1
9518 1
9519 1
9520 1
9521 1
9522 1
9523 1
9524 1
9525 1
9526 1
9527 1
9528 1
9529 2
9530 2
9531 1
9532 2
9533 2
9534 2
9535 2
9536 2
9537 2
9538 2
9539 3
9540 3
9541 1
9542 2
9543 3
9544 3
9545 3
9546 3
9547 3
9548 3
9549 4
9550 4
9551 1
9552 2
9553 3
9554 4
9555 4
9556 4
9557 4
9558 4
9559 4
9560 4
9561 1
9562 2
9563 3
9564 4
9565 4
9566 4
9567 4
9568 4
9569 4
9570 4
9571 1
9572 2
9573 3
9574 4
9575 4
9576 4
9577 4
9578 4
9579 4
9580 4
9581 1
9582 2
9583 3
9584 4
9585 4
9586 4
9587 4
9588 4
9589 4
9590 4
9591 1
9592 2
9593 3
9594 4
9595 4
9596 4
9597 4
9598 4
9599 5
9600 5
9601 1
9602 2
9603 3
9604 4
9605 5
9606 5
9607 5
9608 5
9609 5
9610 1
9611 1
9612 1
9613 1
9614 1
9615 1
9616 1
9617 1
9618 1
9619 1
9620 1
9621 1
9622 1
9623 1
9624 1
9625 1
9626 1
9627 1
9628 1
9629 2
9630 2
9631 1
9632 2
9633 2
9634 2
9635 2
9636 2
9637 2
9638 2
9639 3
9640 3
9641 1
9642 2
9643 3
9644 3
9645 3
9646 3
9647 3
9648 3
9649 4
9650 4
9651 1
9652 2
9653 3
9654 4
9655 4
9656 4
9657 4
9658 4
9659 5
9660 5
9661 1
9662 2
9663 3
9664 4
9665 5
9666 5
9667 5
9668 5
9669 5
9670 5
9671 1
9672 2
9673 3
9674 4
9675 5
9676 5
9677 5
9678 5
9679 5
9680 5
9681 1
9682 2
9683 3
9684 4
9685 5
9686 5
9687 5
9688 5
9689 5
9690 5
9691 1
9692 2
9693 3
9694 4
9695 5
9696 5
9697 5
9698 5
9699 6
9700 6
9701 1
9702 2
9703 3
9704 4
9705 5
9706 6
9707 6
9708 6
9709 6
9710 1
9711 1
9712 1
9713 1
9714 1
9715 1
9716 1
9717 1
9718 1
9719 1
9720 1
9721 1
9722 1
9723 1
9724 1
9725 1
9726 1
9727 1
9728 1
9729 2
9730 2
9731 1
9732 2
9733 2
9734 2
9735 2
9736 2
9737 2
9738 2
9739 3
9740 3
9741 1
9742 2
9743 3
9744 3
9745 3
9746 3
9747 3
9748 3
9749 4
9750 4
9751 1
9752 2
9753 3
9754 4
9755 4
9756 4
9757 4
9758 4
9759 5
9760 5
9761 1
9762 2
9763 3
9764 4
9765 5
9766 5
9767 5
9768 5
9769 6
9770 6
9771 1
9772 2
9773 3
9774 4
9775 5
9776 6
9777 6
9778 6
9779 6
9780 6
9781 1
9782 2
9783 3
9784 4
9785 5
9786 6
9787 6
9788 6
9789 6
9790 6
9791 1
9792 2
9793 3
9794 4
9795 5
9796 6
9797 6
9798 6
9799 7
9800 7
9801 1
9802 2
9803 3
9804 4
9805 5
9806 6
9807 7
9808 7
9809 7
9810 1
9811 1
9812 1
9813 1
9814 1
9815 1
9816 1
9817 1
9818 1
9819 1
9820 1
9821 1
9822 1
9823 1
9824 1
9825 1
9826 1
9827 1
9828 1
9829 2
9830 2
9831 1
9832 2
9833 2
9834 2
9835 2
9836 2
9837 2
9838 2
9839 3
9840 3
9841 1
9842 2
9843 3
9844 3
9845 3
9846 3
9847 3
9848 3
9849 4
9850 4
9851 1
9852 2
9853 3
9854 4
9855 4
9856 4
9857 4
9858 4
9859 5
9860 5
9861 1
9862 2
9863 3
9864 4
9865 5
9866 5
9867 5
9868 5
9869 6
9870 6
9871 1
9872 2
9873 3
9874 4
9875 5
9876 6
9877 6
9878 6
9879 7
9880 7
9881 1
9882 2
9883 3
9884 4
9885 5
9886 6
9887 7
9888 7
9889 7
9890 7
9891 1
9892 2
9893 3
9894 4
9895 5
9896 6
9897 7
9898 7
9899 8
9900 8
9901 1
9902 2
9903 3
9904 4
9905 5
9906 6
9907 7
9908 8
9909 8
9910 1
9911 1
9912 1
9913 1
9914 1
9915 1
9916 1
9917 1
9918 1
9919 1
9920 1
9921 1
9922 1
9923 1
9924 1
9925 1
9926 1
9927 1
9928 1
9929 2
9930 2
9931 1
9932 2
9933 2
9934 2
9935 2
9936 2
9937 2
9938 2
9939 3
9940 3
9941 1
9942 2
9943 3
9944 3
9945 3
9946 3
9947 3
9948 3
9949 4
9950 4
9951 1
9952 2
9953 3
9954 4
9955 4
9956 4
9957 4
9958 4
9959 5
9960 5
9961 1
9962 2
9963 3
9964 4
9965 5
9966 5
9967 5
9968 5
9969 6
9970 6
9971 1
9972 2
9973 3
9974 4
9975 5
9976 6
9977 6
9978 6
9979 7
9980 7
9981 1
9982 2
9983 3
9984 4
9985 5
9986 6
9987 7
9988 7
9989 8
9990 8
9991 1
9992 2
9993 3
9994 4
9995 5
9996 6
9997 7
9998 8
9999 9
10000 1
