  2
---------
  3
  2  2
---------
  4
  2  1
  3  2
---------
  5
  2  2
  3  3
  4  2
---------
  6
  2  2
  3  2
  4  3
  5  2
---------
  7
  2  3
  3  3
  4  4
  5  3
  6  2
---------
  8
  2  1
  3  4
  4  2
  5  4
  6  3
  7  2
---------
  9
  2  2
  3  1
  4  3
  5  5
  6  4
  7  3
  8  2
---------
 10
  2  2
  3  2
  4  4
  5  2
  6  5
  7  4
  8  3
  9  2
---------
 11
  2  3
  3  3
  4  5
  5  3
  6  6
  7  5
  8  4
  9  3
 10  2
---------
 12
  2  2
  3  2
  4  3
  5  4
  6  2
  7  6
  8  5
  9  4
 10  3
 11  2
---------
 13
  2  3
  3  3
  4  4
  5  5
  6  3
  7  7
  8  6
  9  5
 10  4
 11  3
 12  2
---------
 14
  2  3
  3  4
  4  5
  5  6
  6  4
  7  2
  8  7
  9  6
 10  5
 11  4
 12  3
 13  2
---------
 15
  2  4
  3  3
  4  6
  5  3
  6  5
  7  3
  8  8
  9  7
 10  6
 11  5
 12  4
 13  3
 14  2
---------
 16
  2  1
  3  4
  4  1
  5  4
  6  6
  7  4
  8  2
  9  8
 10  7
 11  6
 12  5
 13  4
 14  3
 15  2
---------
 17
  2  2
  3  5
  4  2
  5  5
  6  7
  7  5
  8  3
  9  9
 10  8
 11  7
 12  6
 13  5
 14  4
 15  3
 16  2
---------
 18
  2  2
  3  2
  4  3
  5  6
  6  3
  7  6
  8  4
  9  2
 10  9
 11  8
 12  7
 13  6
 14  5
 15  4
 16  3
 17  2
---------
 19
  2  3
  3  3
  4  4
  5  7
  6  4
  7  7
  8  5
  9  3
 10 10
 11  9
 12  8
 13  7
 14  6
 15  5
 16  4
 17  3
 18  2
---------
 20
  2  2
  3  4
  4  2
  5  4
  6  5
  7  8
  8  6
  9  4
 10  2
 11 10
 12  9
 13  8
 14  7
 15  6
 16  5
 17  4
 18  3
 19  2
---------
 21
  2  3
  3  3
  4  3
  5  5
  6  6
  7  3
  8  7
  9  5
 10  3
 11 11
 12 10
 13  9
 14  8
 15  7
 16  6
 17  5
 18  4
 19  3
 20  2
---------
 22
  2  3
  3  4
  4  4
  5  6
  6  7
  7  4
  8  8
  9  6
 10  4
 11  2
 12 11
 13 10
 14  9
 15  8
 16  7
 17  6
 18  5
 19  4
 20  3
 21  2
---------
 23
  2  4
  3  5
  4  5
  5  7
  6  8
  7  5
  8  9
  9  7
 10  5
 11  3
 12 12
 13 11
 14 10
 15  9
 16  8
 17  7
 18  6
 19  5
 20  4
 21  3
 22  2
---------
 24
  2  2
  3  4
  4  3
  5  8
  6  4
  7  6
  8  3
  9  8
 10  6
 11  4
 12  2
 13 12
 14 11
 15 10
 16  9
 17  8
 18  7
 19  6
 20  5
 21  4
 22  3
 23  2
---------
 25
  2  3
  3  5
  4  4
  5  1
  6  5
  7  7
  8  4
  9  9
 10  7
 11  5
 12  3
 13 13
 14 12
 15 11
 16 10
 17  9
 18  8
 19  7
 20  6
 21  5
 22  4
 23  3
 24  2
---------
 26
  2  3
  3  6
  4  5
  5  2
  6  6
  7  8
  8  5
  9 10
 10  8
 11  6
 12  4
 13  2
 14 13
 15 12
 16 11
 17 10
 18  9
 19  8
 20  7
 21  6
 22  5
 23  4
 24  3
 25  2
---------
 27
  2  4
  3  1
  4  6
  5  3
  6  7
  7  9
  8  6
  9  3
 10  9
 11  7
 12  5
 13  3
 14 14
 15 13
 16 12
 17 11
 18 10
 19  9
 20  8
 21  7
 22  6
 23  5
 24  4
 25  3
 26  2
---------
 28
  2  3
  3  2
  4  4
  5  4
  6  8
  7  4
  8  7
  9  4
 10 10
 11  8
 12  6
 13  4
 14  2
 15 14
 16 13
 17 12
 18 11
 19 10
 20  9
 21  8
 22  7
 23  6
 24  5
 25  4
 26  3
 27  2
---------
 29
  2  4
  3  3
  4  5
  5  5
  6  9
  7  5
  8  8
  9  5
 10 11
 11  9
 12  7
 13  5
 14  3
 15 15
 16 14
 17 13
 18 12
 19 11
 20 10
 21  9
 22  8
 23  7
 24  6
 25  5
 26  4
 27  3
 28  2
---------
 30
  2  4
  3  2
  4  6
  5  2
  6  5
  7  6
  8  9
  9  6
 10  3
 11 10
 12  8
 13  6
 14  4
 15  2
 16 15
 17 14
 18 13
 19 12
 20 11
 21 10
 22  9
 23  8
 24  7
 25  6
 26  5
 27  4
 28  3
 29  2
---------
 31
  2  5
  3  3
  4  7
  5  3
  6  6
  7  7
  8 10
  9  7
 10  4
 11 11
 12  9
 13  7
 14  5
 15  3
 16 16
 17 15
 18 14
 19 13
 20 12
 21 11
 22 10
 23  9
 24  8
 25  7
 26  6
 27  5
 28  4
 29  3
 30  2
---------
 32
  2  1
  3  4
  4  2
  5  4
  6  7
  7  8
  8  4
  9  8
 10  5
 11 12
 12 10
 13  8
 14  6
 15  4
 16  2
 17 16
 18 15
 19 14
 20 13
 21 12
 22 11
 23 10
 24  9
 25  8
 26  7
 27  6
 28  5
 29  4
 30  3
 31  2
---------
 33
  2  2
  3  3
  4  3
  5  5
  6  8
  7  9
  8  5
  9  9
 10  6
 11  3
 12 11
 13  9
 14  7
 15  5
 16  3
 17 17
 18 16
 19 15
 20 14
 21 13
 22 12
 23 11
 24 10
 25  9
 26  8
 27  7
 28  6
 29  5
 30  4
 31  3
 32  2
---------
 34
  2  2
  3  4
  4  4
  5  6
  6  9
  7 10
  8  6
  9 10
 10  7
 11  4
 12 12
 13 10
 14  8
 15  6
 16  4
 17  2
 18 17
 19 16
 20 15
 21 14
 22 13
 23 12
 24 11
 25 10
 26  9
 27  8
 28  7
 29  6
 30  5
 31  4
 32  3
 33  2
---------
 35
  2  3
  3  5
  4  5
  5  3
  6 10
  7  5
  8  7
  9 11
 10  8
 11  5
 12 13
 13 11
 14  9
 15  7
 16  5
 17  3
 18 18
 19 17
 20 16
 21 15
 22 14
 23 13
 24 12
 25 11
 26 10
 27  9
 28  8
 29  7
 30  6
 31  5
 32  4
 33  3
 34  2
---------
 36
  2  2
  3  2
  4  3
  5  4
  6  1
  7  6
  8  8
  9  4
 10  9
 11  6
 12  3
 13 12
 14 10
 15  8
 16  6
 17  4
 18  2
 19 18
 20 17
 21 16
 22 15
 23 14
 24 13
 25 12
 26 11
 27 10
 28  9
 29  8
 30  7
 31  6
 32  5
 33  4
 34  3
 35  2
---------
 37
  2  3
  3  3
  4  4
  5  5
  6  2
  7  7
  8  9
  9  5
 10 10
 11  7
 12  4
 13 13
 14 11
 15  9
 16  7
 17  5
 18  3
 19 19
 20 18
 21 17
 22 16
 23 15
 24 14
 25 13
 26 12
 27 11
 28 10
 29  9
 30  8
 31  7
 32  6
 33  5
 34  4
 35  3
 36  2
---------
 38
  2  3
  3  4
  4  5
  5  6
  6  3
  7  8
  8 10
  9  6
 10 11
 11  8
 12  5
 13 14
 14 12
 15 10
 16  8
 17  6
 18  4
 19  2
 20 19
 21 18
 22 17
 23 16
 24 15
 25 14
 26 13
 27 12
 28 11
 29 10
 30  9
 31  8
 32  7
 33  6
 34  5
 35  4
 36  3
 37  2
---------
 39
  2  4
  3  3
  4  6
  5  7
  6  4
  7  9
  8 11
  9  7
 10 12
 11  9
 12  6
 13  3
 14 13
 15 11
 16  9
 17  7
 18  5
 19  3
 20 20
 21 19
 22 18
 23 17
 24 16
 25 15
 26 14
 27 13
 28 12
 29 11
 30 10
 31  9
 32  8
 33  7
 34  6
 35  5
 36  4
 37  3
 38  2
---------
 40
  2  2
  3  4
  4  4
  5  4
  6  5
  7 10
  8  5
  9  8
 10  4
 11 10
 12  7
 13  4
 14 14
 15 12
 16 10
 17  8
 18  6
 19  4
 20  2
 21 20
 22 19
 23 18
 24 17
 25 16
 26 15
 27 14
 28 13
 29 12
 30 11
 31 10
 32  9
 33  8
 34  7
 35  6
 36  5
 37  4
 38  3
 39  2
---------
 41
  2  3
  3  5
  4  5
  5  5
  6  6
  7 11
  8  6
  9  9
 10  5
 11 11
 12  8
 13  5
 14 15
 15 13
 16 11
 17  9
 18  7
 19  5
 20  3
 21 21
 22 20
 23 19
 24 18
 25 17
 26 16
 27 15
 28 14
 29 13
 30 12
 31 11
 32 10
 33  9
 34  8
 35  7
 36  6
 37  5
 38  4
 39  3
 40  2
---------
 42
  2  3
  3  4
  4  6
  5  6
  6  2
  7  6
  8  7
  9 10
 10  6
 11 12
 12  9
 13  6
 14  3
 15 14
 16 12
 17 10
 18  8
 19  6
 20  4
 21  2
 22 21
 23 20
 24 19
 25 18
 26 17
 27 16
 28 15
 29 14
 30 13
 31 12
 32 11
 33 10
 34  9
 35  8
 36  7
 37  6
 38  5
 39  4
 40  3
 41  2
---------
 43
  2  4
  3  5
  4  7
  5  7
  6  3
  7  7
  8  8
  9 11
 10  7
 11 13
 12 10
 13  7
 14  4
 15 15
 16 13
 17 11
 18  9
 19  7
 20  5
 21  3
 22 22
 23 21
 24 20
 25 19
 26 18
 27 17
 28 16
 29 15
 30 14
 31 13
 32 12
 33 11
 34 10
 35  9
 36  8
 37  7
 38  6
 39  5
 40  4
 41  3
 42  2
---------
 44
  2  3
  3  6
  4  5
  5  8
  6  4
  7  8
  8  9
  9 12
 10  8
 11  4
 12 11
 13  8
 14  5
 15 16
 16 14
 17 12
 18 10
 19  8
 20  6
 21  4
 22  2
 23 22
 24 21
 25 20
 26 19
 27 18
 28 17
 29 16
 30 15
 31 14
 32 13
 33 12
 34 11
 35 10
 36  9
 37  8
 38  7
 39  6
 40  5
 41  4
 42  3
 43  2
---------
 45
  2  4
  3  3
  4  6
  5  5
  6  5
  7  9
  8 10
  9  5
 10  9
 11  5
 12 12
 13  9
 14  6
 15  3
 16 15
 17 13
 18 11
 19  9
 20  7
 21  5
 22  3
 23 23
 24 22
 25 21
 26 20
 27 19
 28 18
 29 17
 30 16
 31 15
 32 14
 33 13
 34 12
 35 11
 36 10
 37  9
 38  8
 39  7
 40  6
 41  5
 42  4
 43  3
 44  2
---------
 46
  2  4
  3  4
  4  7
  5  6
  6  6
  7 10
  8 11
  9  6
 10 10
 11  6
 12 13
 13 10
 14  7
 15  4
 16 16
 17 14
 18 12
 19 10
 20  8
 21  6
 22  4
 23  2
 24 23
 25 22
 26 21
 27 20
 28 19
 29 18
 30 17
 31 16
 32 15
 33 14
 34 13
 35 12
 36 11
 37 10
 38  9
 39  8
 40  7
 41  6
 42  5
 43  4
 44  3
 45  2
---------
 47
  2  5
  3  5
  4  8
  5  7
  6  7
  7 11
  8 12
  9  7
 10 11
 11  7
 12 14
 13 11
 14  8
 15  5
 16 17
 17 15
 18 13
 19 11
 20  9
 21  7
 22  5
 23  3
 24 24
 25 23
 26 22
 27 21
 28 20
 29 19
 30 18
 31 17
 32 16
 33 15
 34 14
 35 13
 36 12
 37 11
 38 10
 39  9
 40  8
 41  7
 42  6
 43  5
 44  4
 45  3
 46  2
---------
 48
  2  2
  3  4
  4  3
  5  8
  6  3
  7 12
  8  6
  9  8
 10 12
 11  8
 12  4
 13 12
 14  9
 15  6
 16  3
 17 16
 18 14
 19 12
 20 10
 21  8
 22  6
 23  4
 24  2
 25 24
 26 23
 27 22
 28 21
 29 20
 30 19
 31 18
 32 17
 33 16
 34 15
 35 14
 36 13
 37 12
 38 11
 39 10
 40  9
 41  8
 42  7
 43  6
 44  5
 45  4
 46  3
 47  2
---------
 49
  2  3
  3  5
  4  4
  5  9
  6  4
  7  1
  8  7
  9  9
 10 13
 11  9
 12  5
 13 13
 14 10
 15  7
 16  4
 17 17
 18 15
 19 13
 20 11
 21  9
 22  7
 23  5
 24  3
 25 25
 26 24
 27 23
 28 22
 29 21
 30 20
 31 19
 32 18
 33 17
 34 16
 35 15
 36 14
 37 13
 38 12
 39 11
 40 10
 41  9
 42  8
 43  7
 44  6
 45  5
 46  4
 47  3
 48  2
---------
