50
Case:49
6
2 0
8 0
19 0
25 1
36 0
38 0
Case:48
6
13 1
21 1
28 1
44 0
52 1
62 0
Case:47
6
2 0
18 1
35 0
48 1
60 1
63 0
Case:46
6
10 0
25 1
41 0
56 0
73 0
80 0
Case:45
6
5 0
23 1
42 0
48 0
64 1
67 0
Case:44
6
13 1
14 1
15 1
32 1
34 1
51 1
Case:43
6
10 1
27 0
42 1
43 1
50 0
70 0
Case:42
6
5 1
20 1
40 1
47 0
66 0
69 1
Case:41
6
13 0
22 1
24 1
27 1
44 1
57 1
Case:40
6
11 0
28 0
39 1
53 0
57 1
77 1
Case:39
6
4 0
20 1
27 1
31 1
51 1
65 1
Case:38
6
5 0
6 0
7 1
25 1
30 1
34 0
Case:37
6
7 1
26 1
41 1
59 0
69 0
81 0
Case:36
6
17 1
24 0
34 1
36 0
45 1
65 1
Case:35
6
6 0
23 0
36 1
54 0
63 0
78 0
Case:34
6
5 1
14 0
27 1
31 0
40 1
45 1
Case:33
6
11 0
28 0
41 0
61 1
81 0
87 1
Case:32
6
7 1
25 0
44 1
56 0
60 1
76 1
Case:31
6
8 0
15 0
30 1
35 1
46 0
54 0
Case:30
6
9 1
21 0
32 1
36 1
43 1
47 1
Case:29
6
4 1
19 1
38 1
57 1
58 0
69 0
Case:28
6
15 1
23 0
33 1
39 0
40 0
49 0
Case:27
6
19 1
27 1
32 1
45 1
61 0
64 1
Case:26
6
2 0
21 1
28 1
48 1
58 1
72 1
Case:25
6
13 0
14 0
23 0
42 1
59 1
72 1
Case:24
6
18 0
27 1
46 0
48 1
65 1
81 0
Case:23
6
2 1
9 0
19 0
29 1
31 1
49 0
Case:22
6
13 0
22 0
25 0
41 1
61 0
73 0
Case:21
6
8 1
24 0
41 1
58 1
64 0
72 1
Case:20
6
12 0
32 0
35 0
51 1
56 0
75 1
Case:19
6
19 0
39 1
55 1
59 0
76 0
82 1
Case:18
6
16 1
35 0
54 1
72 1
73 1
86 1
Case:17
6
2 0
22 1
23 0
37 0
52 1
58 1
Case:16
6
3 0
11 0
29 1
41 0
60 0
69 1
Case:15
6
13 1
15 0
30 0
35 0
36 0
41 0
Case:14
6
6 0
20 0
21 1
23 1
38 1
56 1
Case:13
6
5 0
14 1
24 1
28 1
48 0
55 1
Case:12
6
12 0
27 1
33 0
50 1
52 1
70 1
Case:11
6
7 1
10 1
28 1
46 1
49 0
62 0
Case:10
6
18 1
34 1
42 0
56 1
71 1
91 1
Case:9
6
11 0
15 1
29 0
44 0
47 1
52 1
Case:8
6
3 0
5 0
17 0
19 1
32 1
40 0
Case:7
6
13 1
19 0
22 1
34 0
53 1
68 0
Case:6
6
19 1
23 0
35 1
48 1
65 0
80 0
Case:5
6
8 0
26 0
43 1
47 0
59 0
63 0
Case:4
6
2 1
12 0
18 1
36 1
47 0
57 1
Case:3
6
18 0
37 0
43 0
51 0
59 0
72 1
Case:2
6
8 1
25 1
40 1
60 0
67 1
81 1
Case:1
6
16 0
28 1
36 1
40 0
45 1
52 1
Case:0
6
13 0
15 0
21 0
33 0
45 1
52 1
