4096

38 84 82 88
51 6 81 28

33 73 85 80
73 15 91 71

6 4 49 29
65 28 87 75

37 64 56 77
8 57 41 91

79 31 94 61
38 34 97 41

22 7 71 14
74 53 95 85

15 57 24 89
37 17 54 91

81 2 94 69
22 2 78 45

24 15 77 21
15 7 56 38

15 25 78 52
41 65 89 78

36 7 56 11
24 19 25 54

57 74 75 79
6 30 19 33


57 13 78 20
43 37 99 55

79 18 96 57
20 29 73 76

2 6 48 9
42 22 74 37

41 38 43 52
4 39 43 83

52 4 53 55
92 27 96 59

30 36 89 61
55 3 65 91

52 62 67 93
46 16 99 89

6 41 92 96
1 6 33 31

85 10 86 33
22 13 79 68

49 7 52 81
14 34 72 62

24 23 76 27
23 64 95 67

6 16 53 55
39 13 47 76

24 13 34 62
27 33 46 98

66 43 76 57
19 29 91 67

44 19 56 90
52 5 55 39

13 4 55 12
2 32 26 36

50 1 94 48
73 2 86 98

53 44 55 45
26 11 74 22

54 34 82 42
9 74 33 92

4 78 88 90
62 32 82 79

9 32 32 82
19 72 30 84

37 64 81 68
7 86 31 90

80 46 85 76
13 1 68 72

2 7 25 44
65 74 75 92

7 26 24 56
7 44 93 50

18 60 74 82
47 24 50 87

0 41 27 86
58 46 69 94

61 53 90 78
45 52 65 73

22 51 60 81
2 25 5 80

72 14 86 74
38 12 85 14

0 5 38 59
10 5 52 71

11 49 94 60
8 30 53 85

66 63 88 71
42 3 89 15

17 64 27 89
3 28 7 98

55 9 86 66
38 32 67 89

78 44 91 86
44 62 81 69

32 12 70 34
37 27 73 52

7 16 69 66
24 32 45 64

26 21 31 98
39 53 93 71

30 9 50 27
31 53 78 89

63 36 75 66
13 72 45 89

57 38 66 43
2 75 55 85

25 6 81 74
12 95 64 97

6 22 62 45
37 0 63 99

17 4 39 36
62 29 77 76

35 72 66 89
21 54 99 75

24 80 81 88
45 35 77 59

36 5 57 73
56 12 73 73

61 16 73 87
39 26 44 68

10 15 92 84
90 15 91 38

19 4 24 69
39 29 96 32

49 22 86 57
30 67 94 86

2 6 92 83
46 9 75 56

24 59 67 92
31 74 67 91

30 12 50 98
22 23 93 83

40 25 79 97
71 15 83 92

85 50 99 83
26 91 59 93

35 2 84 52
15 17 79 93

6 15 61 35
50 31 51 58

55 14 91 56
1 75 38 81

31 58 52 78
42 23 50 77

28 1 86 80
7 18 73 20

31 56 85 83
66 31 88 66

22 12 74 45
27 31 78 40

9 3 98 9
0 80 33 86

60 20 61 39
9 69 86 92

0 4 47 35
67 41 70 66

63 5 97 76
41 2 45 8

69 5 96 96
2 15 37 35

26 36 98 87
32 5 36 83

10 70 32 99
32 40 36 81

46 58 51 92
43 39 66 46

3 36 35 90
23 38 40 57

49 74 97 85
29 20 32 61

42 13 90 26
53 8 78 29

51 73 66 95
19 34 84 71


28 36 68 97
12 10 57 54

23 78 99 80
29 32 88 59

6 27 33 42
14 14 52 27

75 38 88 90
46 37 95 66

73 63 75 87
26 34 82 41

49 64 74 78
14 11 23 73

56 15 90 61
29 88 56 97

5 3 30 87
25 53 76 70

49 40 85 84
11 13 34 18

8 22 82 91
54 14 57 95

63 5 97 27
15 49 92 54

41 53 97 74
69 27 75 71

12 24 68 55
2 37 25 62

59 16 80 36
84 36 87 82

9 39 47 93
48 25 76 89

41 0 94 11
27 81 69 82

47 1 89 57
46 25 66 63

0 66 27 93
28 2 36 83

37 22 47 66
47 41 63 91

43 4 57 26
71 60 86 70

17 24 27 93
64 43 87 70

15 9 39 75
43 10 63 33

10 58 33 99
42 6 96 99

3 9 86 32
41 20 92 31

55 26 62 65
87 34 95 69

2 62 30 98
24 31 93 55

9 58 82 65
16 62 76 64

71 23 96 64
41 3 55 84

1 5 10 81
2 43 88 92

6 41 32 77
24 40 30 84

50 34 58 98
18 49 62 90

10 51 72 54
27 6 91 38

44 33 87 95
87 28 89 73

21 50 93 76
87 16 97 55

37 41 66 55
28 38 90 97

52 42 63 90
0 39 95 80

76 24 88 29
4 9 63 55

25 22 57 85
44 29 53 81

19 47 71 89
61 24 86 37

31 67 90 85
32 72 47 77

23 39 53 53
8 48 58 83

66 10 85 58
38 44 87 57

10 56 33 72
45 48 71 62

15 61 77 99
15 33 28 38

38 40 82 77
47 65 77 75

33 0 62 75
71 9 73 83

56 28 65 55
11 40 56 42

71 1 93 86
22 4 86 77

6 23 24 96
71 88 84 98

5 51 16 78
60 13 87 96

69 24 78 89
18 48 77 81

11 85 34 87
64 89 72 96

22 58 37 72
9 57 12 66

28 68 60 96
9 64 20 98

30 7 40 39
20 21 58 56

6 7 95 78
11 27 48 33

86 47 99 92
11 13 49 92


16 8 71 26
16 47 44 50

11 22 54 29
3 41 56 56

0 70 7 88
49 10 53 62

62 32 74 43
50 33 75 66

94 43 99 92
10 22 92 45

26 1 46 96
4 41 82 94

4 5 34 12
74 1 87 67

11 34 49 51
19 18 86 37

13 76 62 80
6 53 78 98

4 6 46 39
51 55 53 80

44 13 87 75
19 20 80 28

62 30 91 71
34 67 41 99

0 62 56 75
25 67 78 82

26 73 72 75
6 18 79 30

50 69 95 93
22 41 76 67

36 22 65 49
6 22 17 62

17 25 97 47
23 81 44 95

55 49 70 70
52 63 61 68

0 33 13 76
26 76 87 95


70 78 89 93
11 4 34 40

62 6 66 79
26 43 66 66

28 79 91 94
6 55 90 98

5 48 35 97
12 48 78 80

2 88 10 93
21 40 85 44

2 19 99 65
14 20 28 84

78 1 94 51
6 51 68 55

51 4 63 41
63 17 84 41

34 5 94 16
2 8 71 70

4 33 79 88
72 5 94 40

2 23 56 41
14 77 44 78

83 59 95 71
12 14 19 28

86 70 99 82
88 41 90 92

21 15 81 77
53 7 82 8

38 30 49 52
46 41 61 82

53 15 96 52
17 16 81 81

19 7 63 39
5 27 32 51

13 18 81 94
2 25 63 54

4 50 8 58
69 17 92 43

45 15 96 32
14 48 29 83

22 7 29 87
6 19 58 66


19 73 75 96
16 13 64 61

45 76 64 93
11 41 60 93

0 28 34 93
11 2 46 12

2 57 6 73
69 44 70 96

42 6 69 40
53 2 86 67

50 62 96 96
41 42 56 55

35 35 42 53
0 7 81 39

17 13 54 23
61 29 87 67

31 35 59 69
55 14 64 71

19 28 51 59
35 53 61 55

70 51 89 60
41 91 67 95

56 18 84 72
17 0 37 53

41 12 96 69
93 78 96 99

7 25 64 58
11 65 42 80

52 16 92 45
59 40 60 96

10 68 67 85
47 37 74 95

15 7 59 63
52 16 86 62

45 39 72 94
26 4 35 88

19 31 73 85
26 0 32 27

48 36 88 37
22 83 26 89

85 52 91 89
29 26 66 58

38 65 52 73
30 13 70 49

95 27 99 80
8 65 77 79

56 30 68 53
37 19 95 32

71 22 80 61
32 27 37 87

52 0 84 66
14 16 74 69

48 42 65 49
8 16 80 59

13 46 49 96
2 28 65 82

2 43 88 77
34 4 82 70

34 37 57 61
5 30 71 88

31 30 53 62
12 30 89 61

29 9 54 56
46 35 89 38

33 64 92 78
67 2 69 49

26 15 86 49
45 37 91 96

19 10 29 41
41 15 60 54

63 16 70 71
4 3 62 96

47 15 68 27
76 67 89 69

14 57 84 68
57 5 81 10

16 3 76 88
9 31 57 55

72 77 79 99
3 25 41 40

23 7 52 64
76 31 80 94

12 3 51 94
8 36 9 56

25 24 60 86
69 17 80 94

11 4 68 71
23 44 48 46

52 33 53 62
45 80 80 93

83 4 96 39
92 69 95 92

7 7 17 77
49 60 76 71

45 16 94 68
42 67 60 95

29 81 64 97
61 23 75 90

29 41 96 80
72 62 76 84

41 61 70 90
46 2 84 43


1 44 60 87
14 62 34 63

15 3 43 92
15 57 66 76

88 86 89 99
25 3 54 30

24 27 94 55
25 3 47 37

0 66 99 77
34 1 40 29

32 50 83 93
21 38 50 59

11 77 62 87
59 41 65 42

53 30 70 97
52 67 69 70

51 37 96 88
17 39 36 71

2 4 84 74
6 20 33 43

72 8 96 13
31 55 50 84

4 42 72 66
56 59 85 64

52 18 82 49
22 24 88 90

16 30 72 80
1 51 23 98

11 11 47 78
13 14 66 86

70 78 80 80
44 38 66 48

39 18 48 22
27 51 60 98

76 34 79 78
37 2 54 76

39 13 48 32
6 28 47 99

31 7 79 97
27 76 97 97

16 15 36 50
28 5 49 18

28 35 52 82
41 41 63 84

2 55 17 60
6 47 16 89

38 45 48 65
42 33 97 93

10 0 44 39
18 73 45 96

23 16 83 55
92 0 98 58

13 13 61 29
19 9 54 76

54 51 73 75
20 36 68 78

16 61 36 69
6 34 17 81

42 50 52 98
56 3 86 99

16 40 21 80
22 50 56 76

30 79 77 98
15 28 49 66

3 27 50 61
14 43 19 72

8 22 93 94
1 22 25 45

25 14 93 67
33 63 64 95

74 13 93 43
89 9 94 92

44 6 88 63
2 10 49 35

10 47 94 56
1 33 87 69

35 12 78 52
0 45 48 75

22 12 41 88
35 31 49 56

38 46 62 92
34 9 63 55

11 56 44 83
65 16 77 43

13 55 69 65
17 62 83 91

51 55 76 63
12 42 52 46

26 42 92 87
26 3 42 70

5 54 60 70
22 54 89 66

43 19 73 60
8 4 82 36

59 89 85 99
23 2 45 32

19 16 38 44
47 18 61 87

59 41 93 49
7 3 67 11

32 23 75 41
9 77 27 94


60 81 86 99
20 18 60 19

59 20 65 84
18 50 76 95

3 12 71 43
50 58 73 89

2 4 41 28
20 45 61 47

78 41 81 99
17 12 50 15

28 46 85 51
13 16 99 48

70 28 92 72
17 62 86 71

18 40 79 99
38 19 96 40

39 12 74 24
8 36 77 91

14 27 43 34
42 43 82 64

23 36 26 43
50 40 61 66

18 7 68 33
14 41 25 78

16 17 43 24
9 12 20 34

4 13 98 98
56 14 80 59

50 40 79 54
21 21 53 32

17 5 39 80
59 10 94 46

54 74 64 86
25 60 50 81

48 31 73 81
45 12 81 40

47 0 94 4
36 6 67 74

6 12 54 52
10 15 65 19

53 45 74 99
4 32 57 52

63 33 82 63
8 56 25 75

72 8 79 39
68 26 82 98

62 6 89 30
45 78 72 99

23 3 99 50
33 7 83 15

46 7 93 31
6 42 70 63

23 34 38 58
58 36 84 99

46 5 66 70
12 21 83 63

59 66 72 92
25 7 55 53

18 41 38 60
75 83 97 87

17 9 51 45
1 8 33 99

65 22 99 63
43 8 49 26

15 22 44 52
11 28 70 40

2 81 88 99
16 38 65 67

34 28 35 88
36 39 68 67

53 2 61 83
9 62 57 72

14 24 54 47
75 16 78 80

15 31 98 79
15 1 69 50

4 41 78 72
66 20 81 91

74 51 94 74
36 76 37 90

3 66 75 81
50 17 82 61

80 1 92 47
51 17 61 49

82 48 90 89
23 20 33 70

7 43 95 73
49 85 84 87

51 21 76 78
34 66 86 96

79 66 97 92
0 10 15 82

57 31 99 33
32 3 51 92

28 82 98 87
25 6 30 22

28 14 43 85
29 8 81 81

30 1 99 30
11 13 66 23

62 8 96 47
47 91 63 98

30 22 92 80
2 28 55 84

65 27 97 98
31 28 46 87

30 59 88 96
51 14 72 72

32 13 68 67
4 17 96 40

86 42 98 62
0 50 42 78

8 6 76 77
60 35 64 42

5 56 94 91
15 22 18 38

47 57 87 95
43 30 75 35

49 25 73 72
2 52 92 75

4 10 78 90
21 26 45 33

24 34 91 61
9 38 39 99

9 34 96 92
21 9 84 22

46 15 71 86
14 19 48 78

29 69 70 91
2 18 75 69

56 17 78 80
31 13 65 55

40 5 41 76
63 37 79 86

25 25 76 53
72 4 90 12

1 4 25 28
25 57 79 99

79 26 81 98
33 3 62 12

69 31 75 90
1 26 69 28

45 4 81 87
53 6 60 99

55 64 85 87
81 62 86 73

17 13 99 79
25 34 32 59

46 1 66 47
29 26 35 32

10 15 30 71
70 27 90 74

13 43 26 59
16 68 99 73

67 47 86 51
63 10 82 63

48 9 64 35
35 19 94 56

17 24 90 59
12 86 98 90

29 49 63 62
23 64 97 82

29 25 61 68
11 11 31 87

95 41 96 98
17 53 84 98

59 13 74 72
24 62 99 87

64 1 81 30
39 0 83 95

12 76 63 77
64 39 94 41

13 49 38 83
7 2 33 67

7 31 67 39
53 0 67 70

17 30 71 56
54 18 77 57

86 38 92 46
51 16 86 80

15 17 24 83
19 7 48 50

41 6 87 38
60 58 95 64

31 21 40 37
30 55 70 62

2 1 16 19
33 64 88 87

4 48 48 99
50 15 76 55

45 38 91 73
5 3 83 36

23 73 76 93
58 8 80 26

9 22 82 46
85 38 94 42

38 42 42 70
40 83 97 85

10 74 42 99
77 68 93 87

5 14 12 63
22 27 92 89

83 1 87 77
73 67 92 71

13 22 30 37
10 4 74 5

79 29 84 55
8 49 42 65

54 28 63 98
70 20 85 25

57 82 79 97
68 49 71 53

33 43 38 75
12 96 32 99

6 24 64 77
27 54 48 90

18 28 90 53
30 48 40 98


64 47 72 85
47 13 97 33

11 37 53 54
27 60 90 80

65 38 98 60
48 9 61 88

21 77 59 94
31 29 55 79

48 45 77 64
50 58 76 81

13 3 47 35
48 35 75 73

13 61 96 63
9 23 52 68

17 32 25 45
0 11 75 48

4 45 28 80
55 43 78 61

3 30 49 46
49 3 81 62

18 76 29 90
22 47 99 58

4 31 16 68
31 17 95 87

14 53 23 67
70 73 80 96

81 3 94 30
27 9 58 45

21 51 28 99
58 40 72 50


3 57 92 62
5 69 35 87

42 78 99 99
52 80 96 87

39 31 69 41
49 63 82 81

16 12 90 93
19 11 48 45

51 25 54 38
59 7 64 10

6 58 59 88
28 25 55 39

22 16 67 66
0 31 56 72

42 61 43 65
43 46 62 73

16 27 50 84
15 21 92 37

26 32 51 58
23 21 54 35

45 54 54 89
20 26 54 96

15 57 92 58
6 4 82 75

33 0 40 2
32 35 40 73

5 46 66 72
28 26 81 45


47 9 50 83
39 14 81 36

38 64 79 66
30 51 40 96

45 20 97 26
65 4 79 66

36 8 51 57
94 45 97 82

44 6 65 26
4 84 42 92


32 28 49 74
49 1 78 46

14 9 54 10
52 6 93 48

58 15 64 74
6 90 19 99

78 29 99 53
50 77 65 99

52 79 97 98
26 49 82 99

32 10 62 36
7 17 68 85

11 32 32 90
30 8 31 80

34 33 82 89
67 32 99 48

64 5 71 46
42 54 98 74

60 11 64 19
32 16 48 36

59 6 69 90
52 35 87 98

40 24 73 68
52 30 59 72

68 10 70 35
20 32 42 85

6 51 48 91
88 7 96 55

57 45 66 61
5 78 96 96

16 2 36 95
26 77 69 89

48 0 64 69
6 1 85 65

33 8 53 81
15 2 93 36

33 38 82 63
30 16 60 18

28 49 70 65
42 39 48 97

39 18 58 65
19 9 24 82

24 69 90 90
57 71 78 91

12 29 35 42
47 12 98 27

68 69 77 77
16 18 71 30

36 31 55 47
29 32 55 92

34 1 71 28
12 19 25 25

1 19 12 59
32 19 99 86

9 81 15 88
6 38 31 63

10 50 94 69
13 34 91 62

47 60 87 90
12 24 62 37

56 14 63 35
40 33 74 50

74 73 89 83
32 11 46 27

8 29 33 99
46 61 63 94

2 15 51 54
13 28 43 91

27 40 99 42
28 42 53 94

2 34 25 67
23 13 79 31

12 10 42 30
57 4 91 60

10 27 94 60
18 5 53 88

83 45 97 50
11 13 39 45


7 18 52 65
74 25 95 89

4 1 85 90
22 72 90 95

25 22 40 36
19 1 31 47

52 79 84 86
8 39 65 73

9 7 60 90
67 20 83 97


92 30 99 53
6 47 11 78

16 76 59 79
25 37 70 49

79 14 91 45
58 29 94 87

44 37 98 75
56 6 92 7

12 48 84 90
18 29 20 47

26 6 88 13
7 3 48 27

0 57 99 94
46 39 81 42

14 31 31 39
6 43 38 47

50 20 89 91
61 49 90 50

8 15 69 17
15 66 18 97

70 68 91 76
15 3 72 10

29 42 94 87
32 30 41 34

30 6 73 43
56 33 64 93

8 32 16 50
47 48 78 50

26 16 90 62
41 17 78 22

12 4 72 10
40 36 53 90

66 30 97 79
5 15 24 22

17 6 32 10
56 55 65 58

26 70 35 76
5 29 39 99

51 34 61 57
1 45 76 67

73 31 76 49
1 33 64 53

59 96 82 99
54 2 67 6


5 28 43 96
73 7 82 16

50 38 65 51
43 36 82 64


7 14 50 70
85 41 89 84

70 25 91 81
43 45 97 84

62 48 75 96
18 60 37 73

27 60 69 95
49 51 71 84

31 20 50 21
36 57 62 79

38 56 84 80
35 25 40 49

26 46 67 86
58 59 63 84


32 33 63 68
77 47 90 62

28 15 55 42
19 15 95 16

14 1 45 60
12 45 25 63

70 50 90 99
71 3 92 60

55 23 93 84
22 46 35 63

40 25 77 30
12 9 98 40

13 38 93 70
5 27 15 53

3 26 57 80
38 36 47 54

59 18 83 38
34 11 85 33

15 36 77 89
14 27 28 99


25 24 84 77
22 6 65 78

16 11 77 76
10 22 53 83

11 72 25 91
23 13 91 70

44 32 87 91
9 29 49 86

33 10 59 55
24 1 40 13

57 12 90 62
52 29 87 45

50 21 70 41
91 54 93 90

31 22 98 92
4 32 99 79

41 39 63 87
5 39 82 89

53 53 95 99
40 28 99 90

1 14 69 84
38 4 45 76

27 68 88 87
83 46 99 71

41 33 63 75
68 15 74 66

19 14 80 20
18 39 94 63

47 54 48 93
37 69 58 78

37 20 89 65
41 34 89 66


46 31 53 65
47 56 94 95

10 30 93 40
61 8 69 58

26 44 51 79
67 71 97 78

49 43 87 80
14 38 30 60

21 77 83 82
15 30 34 60

44 43 70 65
3 24 32 35

3 31 81 48
9 2 52 19

48 34 62 62
44 22 72 79

46 61 52 62
44 74 86 82

14 48 17 98
20 2 24 85

16 2 79 31
22 25 77 85

19 33 36 87
44 12 62 90

14 3 26 52
70 34 77 37

34 19 46 35
58 21 73 37

23 19 41 21
6 44 97 86


58 16 67 28
50 43 97 65

37 62 53 95
35 71 78 85

11 8 58 90
64 42 87 94

23 16 65 21
80 7 97 85



2 14 83 99
60 64 89 94

10 37 26 75
43 43 74 82

27 82 69 92
74 75 84 84

15 24 91 86
40 39 84 75

5 27 86 74
66 43 68 92

31 67 80 74
1 69 54 81

22 49 61 63
90 33 97 89

5 27 10 97
18 32 94 72

24 11 99 90
54 34 67 98

34 24 53 88
54 21 93 28

6 4 36 77
11 45 27 84

21 34 72 67
58 14 90 51

57 56 62 77
16 2 42 27

52 1 95 42
63 4 97 30

7 60 99 78
5 43 70 63

29 19 49 62
7 65 13 86

75 42 94 43
37 45 69 84

39 71 73 86
2 27 68 54

75 32 87 98
47 21 92 41

56 4 96 92
30 21 69 97

63 40 77 66
38 50 84 58

77 80 88 81
8 84 56 86

18 39 95 82
18 12 75 14

31 53 56 70
39 16 91 50

6 43 90 82
80 1 84 58

34 81 73 90
42 65 76 89

46 64 99 80
75 31 92 58

0 11 1 39
13 3 45 7

4 36 41 46
26 46 99 51

33 27 36 32
64 63 98 68

48 76 49 79
10 35 92 45

64 36 98 61
12 64 44 68

11 4 37 15
51 48 62 66

39 27 51 56
1 50 96 71

50 27 96 41
14 38 61 77

64 28 74 38
2 8 18 48

53 23 65 80
42 28 56 47

55 55 93 94
3 52 26 96

23 42 29 93
31 19 89 54


36 44 59 57
1 43 37 46

51 40 92 48
37 0 77 58

12 0 45 2
19 8 76 33

28 40 42 61
25 13 49 17

9 9 26 62
5 7 63 9

1 55 56 85
38 3 55 44

0 28 44 57
16 14 17 44

11 84 27 89
53 2 77 38

31 0 64 94
9 54 69 77

9 1 11 62
6 17 17 56

3 19 65 98
12 15 82 94

0 68 39 83
5 6 37 37

7 74 53 83
37 31 68 51

14 16 99 85
41 75 72 85


14 19 22 55
12 8 62 65

69 40 92 89
81 21 91 32

6 30 57 48
34 5 99 58

17 0 52 65
14 28 39 52

7 74 62 99
8 39 69 90

31 80 52 85
1 18 75 32

18 58 59 62
52 17 68 22

69 38 72 87
60 18 91 22

17 20 98 48
77 10 88 81

42 46 71 67
37 54 43 79

55 13 93 60
61 34 82 85

3 23 73 63
41 14 64 38

59 34 86 88
26 70 97 98

37 35 39 96
26 33 27 89

21 34 54 93
79 20 88 43

43 7 52 68
37 48 97 83

69 10 83 36
6 58 66 60

56 45 95 73
84 7 86 57

0 81 41 91
63 25 80 84

59 53 84 96
81 16 88 44


31 12 47 83
17 10 19 40

71 44 83 51
47 6 69 88

5 38 93 54
50 54 81 90

33 18 34 25
4 64 23 70

76 53 87 57
93 66 95 67

11 70 29 76
32 34 58 89

40 27 51 84
34 74 90 76

19 2 93 94
49 37 66 65

42 89 70 94
13 45 16 55


30 74 47 89
1 65 16 87

46 47 67 82
85 79 99 84

30 68 69 85
76 25 96 30

3 86 5 93
62 9 89 83

10 50 20 88
11 9 16 76

10 56 35 73
9 30 93 52

73 16 75 71
1 6 98 96

2 64 35 99
24 26 35 44

28 8 45 33
61 17 96 84

71 57 73 80
61 10 66 42

78 65 86 87
62 31 77 46

49 47 97 73
25 18 32 77

3 50 54 85
54 34 64 87

28 46 43 67
5 40 29 91

6 31 60 89
20 20 29 69

19 42 26 59
12 51 97 88

15 31 26 53
40 18 80 60

37 7 83 40
19 79 99 84

5 25 15 68
40 22 96 46

11 8 41 33
22 11 53 21

0 4 65 32
5 40 75 93

12 81 52 83
51 9 65 14

32 28 34 86
33 38 74 50


57 32 75 42
32 72 35 96

5 43 39 80
22 52 94 54

29 34 90 55
23 49 37 93

73 31 92 81
2 29 33 41

83 61 90 74
71 62 85 71

3 5 43 65
49 20 57 30

48 23 54 38
43 16 83 25

58 29 75 47
40 34 91 58

71 60 76 99
31 0 57 61

67 17 86 36
37 18 76 76

44 52 56 87
40 15 77 56

55 45 87 78
55 24 96 64

25 23 27 36
8 36 84 95

5 80 51 83
1 39 43 56

8 50 58 78
34 24 37 65

62 38 90 55
18 62 71 97


26 5 39 21
13 50 40 60

22 0 91 11
18 67 77 88

32 2 95 57
19 15 66 99

32 24 56 30
28 32 53 55

60 53 67 59
66 10 73 47

57 11 62 34
32 54 51 65

11 12 46 67
19 79 83 91

3 21 51 57
76 50 83 89

88 14 94 62
24 13 60 69

76 4 86 71
10 36 27 73

55 8 73 38
69 0 74 78

21 35 73 56
50 59 76 90

21 4 70 83
18 52 45 83

8 54 94 74
42 44 70 47

37 52 98 72
4 2 7 80

37 28 78 88
65 18 99 88

72 69 75 71
75 39 93 53

59 13 84 54
2 50 13 52

50 9 55 76
59 37 79 41

30 34 68 65
36 22 81 54

11 23 45 56
20 47 28 56

13 11 40 94
13 28 26 46

22 28 68 38
53 22 79 65

61 43 83 56
30 49 71 82

24 38 27 47
5 4 37 45

50 39 67 76
32 1 85 57

59 13 95 81
26 35 98 88

43 4 81 83
73 0 84 86

8 13 76 99
14 10 55 64

49 7 74 93
34 46 50 60

41 23 97 59
39 63 46 73

89 14 98 77
64 43 82 66

65 6 92 8
19 47 21 71

16 54 68 55
14 53 66 63

12 47 55 86
2 20 10 99

0 13 49 83
13 58 79 78

86 64 96 69
57 17 87 26

3 21 71 33
38 45 86 84

23 60 50 92
12 11 25 77

14 27 24 60
55 37 90 51

2 21 29 86
38 45 41 64

61 18 97 99
3 37 35 45

78 49 89 55
54 32 60 68

36 47 45 91
35 64 85 95

68 51 87 80
15 19 58 77

65 52 96 71
51 29 68 42

57 11 91 84
16 31 52 88

61 49 79 80
27 3 64 13

16 53 95 83
61 1 84 24

9 5 95 60
15 41 47 73

25 36 39 91
68 7 93 79

11 8 47 63
21 66 38 85

1 38 90 74
14 23 63 27

10 26 32 83
24 19 80 51



19 3 37 51
30 27 34 45

10 23 63 43
74 14 87 40

13 73 76 87
17 74 93 79

7 18 49 95
36 24 99 73

28 5 70 77
56 2 58 73

18 5 77 16
3 68 82 98

58 28 85 41
21 2 31 90

70 6 72 85
23 32 62 46

61 3 90 48
17 22 57 35

34 89 90 93
25 57 91 83

28 59 99 63
18 42 20 50

42 0 87 18
32 64 49 91

45 14 67 92
14 10 76 50

56 51 95 81
8 17 38 66

32 31 59 78
50 45 80 73

19 63 74 69
58 4 79 12

4 18 46 22
20 27 70 84

35 5 67 60
29 24 95 55

2 64 62 86
12 1 82 61

24 22 38 96
3 1 87 52

23 62 91 75
11 41 43 63

1 68 46 94
83 49 92 97

46 61 87 80
75 34 99 37

8 55 99 86
38 8 95 87

61 1 84 57
42 20 95 94

40 78 95 88
33 31 89 75

28 12 89 28
46 15 64 17

54 2 55 22
31 7 94 41

42 16 67 62
84 8 88 31



23 16 84 69
57 28 67 34

45 35 99 49
33 62 57 66

58 28 80 99
70 17 74 48

67 91 83 95
9 5 35 10

73 13 93 79
7 47 30 81

4 16 96 90
6 4 34 16

15 15 33 85
59 85 85 94

32 37 52 87
41 49 94 87

28 0 67 49
88 30 99 44

48 34 98 54
85 22 91 52

24 83 37 89
22 27 74 29

59 52 67 66
16 81 61 91

44 30 91 84
43 29 61 91

15 44 59 45
6 30 19 96

37 31 56 65
12 10 47 23

14 27 76 75
67 8 92 89

10 53 39 73
0 11 54 96

70 8 93 76
12 21 56 59

76 52 94 58
23 81 62 89

8 17 90 83
25 24 27 90

64 16 97 95
4 28 92 74

85 2 88 98
13 19 44 90

23 48 90 65
37 55 81 79

42 21 72 62
38 11 97 14

36 30 59 92
3 66 10 88

20 38 98 95
9 76 34 85

34 73 84 93
48 9 67 53

67 22 72 31
6 36 94 42

5 8 18 86
4 27 29 97

24 10 87 22
60 38 97 81

32 7 94 61
60 5 80 23

6 27 27 33
15 27 52 58


3 4 68 52
28 74 43 85

75 7 92 88
11 64 52 80

17 65 91 69
58 44 93 79

46 58 58 76
4 16 61 22

26 1 73 68
6 76 21 96

64 51 98 56
27 83 72 96

0 17 16 74
45 4 97 18

29 32 43 56
33 6 54 25


4 53 58 83
31 79 88 99

88 34 96 73
44 88 93 90

22 58 73 97
28 17 74 60


75 56 78 58
35 6 66 57

31 77 83 92
27 17 82 52

14 62 56 84
79 60 88 97

8 25 11 31
28 4 56 98

34 0 54 14
24 58 89 73

51 2 59 38
19 90 85 94

52 26 86 30
27 86 84 92

39 18 69 67
25 23 68 59

23 11 90 64
14 25 22 89

73 10 91 63
5 1 63 4

9 27 35 93
62 53 66 86

35 13 56 21
24 24 96 99

86 52 88 64
5 35 10 77

40 12 49 45
45 55 50 65

37 48 92 51
58 5 86 46

42 11 78 67
35 61 74 66

75 65 82 85
40 20 43 89

18 53 35 81
18 57 20 88

62 60 88 73
27 19 65 69

82 70 95 88
7 45 17 83

41 30 48 81
3 22 43 79

21 12 75 41
45 8 52 50

10 19 40 81
28 23 52 89

29 3 34 45
28 48 36 78


9 7 67 48
19 12 98 15

8 31 48 36
52 12 72 86

2 38 57 41
38 19 42 68

25 43 80 59
14 66 47 75

14 82 66 86
49 24 64 98

81 13 97 49
25 56 54 87

81 72 82 94
15 0 75 91

35 59 95 61
34 0 77 36

19 59 43 86
20 18 36 83

18 19 48 72
59 8 73 80

26 15 40 80
24 15 41 88

11 45 26 49
55 50 86 97

36 9 57 77
24 47 44 94


25 18 59 85
0 7 35 46

56 33 78 43
40 3 94 83

28 33 44 53
32 47 40 85

51 4 66 29
16 41 82 99

41 60 84 76
19 14 84 74

17 22 27 47
10 38 82 77

10 19 78 43
43 4 95 46

60 76 61 77
43 36 75 71

12 65 31 96
2 29 39 63

57 3 62 19
45 9 81 23

43 38 53 94
48 9 99 37

59 2 65 86
57 4 92 39

4 53 40 94
16 4 95 24


90 38 93 94
44 4 83 47

48 41 85 58
49 45 95 87

5 53 98 82
6 45 14 57

81 20 85 46
19 2 66 8

48 9 65 46
32 65 45 80

76 73 82 77
19 65 25 83

17 36 99 84
57 29 93 42

26 40 49 44
21 52 94 86

95 47 98 79
13 59 95 78

85 55 89 66
4 49 72 73

23 57 85 80
31 9 38 75

15 54 40 61
58 57 62 99

9 4 46 36
47 0 59 82

32 67 90 88
14 38 16 62

54 18 71 37
62 2 93 46

0 15 61 75
11 20 66 32

12 24 20 76
11 4 19 24

43 67 53 92
54 57 60 66

76 3 78 40
21 34 49 94

2 9 9 65
75 39 93 85

13 63 65 85
24 77 40 89

33 95 83 97
40 13 54 18

16 4 82 10
4 20 18 90

0 40 13 85
22 31 93 59

35 12 47 96
37 22 87 41

38 10 70 70
83 75 93 80

0 31 90 70
22 59 94 90

27 51 74 67
1 78 83 88

26 0 30 69
42 34 63 43

13 25 32 96
29 1 49 53

36 18 71 71
13 32 58 77

81 52 92 93
16 33 82 98

9 19 86 24
62 10 80 12

7 29 28 90
43 30 88 59

1 77 79 90
7 58 66 74

78 3 88 56
61 22 88 54


9 4 16 48
4 35 30 63


62 91 78 96
2 13 51 77

27 18 60 84
3 33 17 38

64 20 86 89
17 52 52 55

33 2 45 97
61 15 85 37

33 7 76 79
72 56 87 66

32 1 92 85
23 11 95 86

27 30 61 31
32 77 39 83

37 27 72 57
50 24 64 26

31 5 50 37
14 56 56 88

6 42 41 54
16 17 80 29

1 12 8 40
40 64 47 69

84 34 96 73
61 13 97 63

70 0 81 37
8 43 84 77

49 17 71 97
14 12 52 99

11 4 67 59
25 23 58 94

22 35 48 80
46 50 93 79

2 16 64 48
11 12 45 43

17 21 40 30
7 26 81 85

41 2 92 86
9 40 66 96

58 27 76 56
22 35 77 86

3 86 80 91
0 17 30 55

22 81 85 90
66 8 75 10

16 12 94 35
55 65 60 75

3 21 89 63
8 12 32 49

63 55 87 64
11 33 69 44

48 25 76 67
51 20 85 77

42 7 79 87
54 52 82 95

37 58 74 70
34 34 59 98

47 14 90 68
53 1 99 12

75 20 90 79
27 51 50 59

58 46 92 98
92 30 98 94

24 11 52 52
12 9 86 11

28 31 75 81
74 35 96 50

55 29 86 65
5 24 80 49

38 48 70 82
21 12 94 45

46 10 64 56
3 31 17 73

5 13 44 71
1 21 48 39

2 4 3 9
29 10 34 72

51 24 58 54
4 3 19 22

30 13 35 38
0 44 39 70

44 15 83 97
83 36 88 86

90 24 92 47
58 25 73 48

55 1 68 73
23 28 26 61

54 0 93 54
22 50 32 76

5 73 66 88
6 26 61 49


6 7 81 29
29 20 57 35

20 83 51 89
40 12 94 99

37 39 58 64
51 5 66 13

39 28 92 84
65 46 89 84

14 5 47 76
23 64 25 74

53 10 98 92
45 3 74 92

11 14 83 20
1 19 85 45

24 41 56 73
45 44 58 87

24 47 92 72
18 16 36 74

84 8 90 87
52 21 58 91

63 36 88 89
7 25 48 35

15 12 60 18
6 56 70 94

29 68 50 94
65 7 68 36

4 14 97 95
1 87 38 89

53 31 75 53
66 30 83 98

49 49 78 63
19 57 55 95

48 66 89 78
9 25 14 65

63 17 72 79
10 6 67 15

42 69 89 77
55 28 99 86

48 35 91 55
10 11 82 13

72 29 91 33
54 73 57 99

27 89 30 90
48 5 97 92

38 45 74 69
25 26 49 31

18 3 40 81
1 25 46 66

89 58 95 99
1 28 9 72

40 70 62 89
62 0 75 81

1 26 3 98
52 4 81 45


13 14 36 25
46 38 97 95

11 27 65 73
61 26 92 45

24 16 64 71
5 13 28 57

13 2 66 58
31 28 36 44

53 11 73 71
2 13 58 61

75 19 88 39
1 64 65 65

41 34 87 98
15 56 47 81

13 36 66 44
3 28 64 41

4 24 70 51
12 38 14 89

29 54 52 60
24 19 46 87

5 37 11 79
45 12 53 66

12 62 48 67
3 35 13 47


74 24 78 68
40 62 98 63

1 41 97 50
53 62 98 68

2 29 83 67
38 54 76 98

13 71 26 88
63 3 86 93

12 11 23 18
15 13 33 25

18 15 86 85
36 25 71 47

19 44 29 57
5 32 98 55

12 27 79 72
17 20 75 29

90 66 99 92
17 10 24 79

87 47 95 59
31 2 95 36

24 59 33 81
31 65 67 95

38 63 46 74
13 44 95 64



6 10 26 76
73 5 93 19

31 34 80 97
27 13 78 64



17 11 70 90
16 47 64 61

47 27 48 44
10 45 78 92

6 69 22 71
28 5 43 42

59 47 72 53
22 92 48 96

18 34 59 82
75 30 96 76

26 3 95 73
36 19 47 95

21 16 42 49
10 7 38 62

21 9 60 44
57 79 60 88

16 13 22 44
70 66 95 72

74 39 75 62
10 9 75 96

26 43 53 46
36 10 53 57

65 6 67 26
76 57 94 93

16 87 22 89
61 5 70 44


58 55 94 82
12 28 63 92

31 6 50 8
15 53 44 61

42 0 90 60
3 56 5 91

1 7 66 56
19 68 34 80

23 40 77 63
7 19 88 20

58 54 79 79
32 15 46 88

67 29 74 48
56 73 72 74

23 9 80 82
3 28 99 90

5 20 78 66
12 22 40 38

17 70 71 77
44 24 50 58

12 6 59 36
67 62 79 90

59 0 97 10
0 38 42 78

47 11 58 97
35 74 50 86

15 2 52 44
54 23 59 79

13 12 37 81
16 23 26 27

23 37 75 75
17 54 75 64

33 28 51 35
14 9 38 90

29 40 53 45
8 64 76 73

13 54 28 81
30 8 54 30

5 5 45 75
11 57 72 91

14 52 19 92
2 43 33 62

7 55 40 67
16 41 71 81


67 10 93 39
1 19 4 48

21 6 40 71
66 2 94 21

6 21 76 74
14 46 47 55


84 49 88 88
42 15 97 59

83 73 90 84
49 8 94 38

12 34 70 69
26 67 90 88

59 32 71 51
10 46 62 61

11 45 51 86
46 50 60 60

29 30 85 87
77 2 80 38

73 16 89 72
15 26 39 56

62 24 88 29
51 2 91 70

2 47 9 62
55 65 59 84

44 66 52 76
5 19 29 31

3 87 30 97
43 23 94 57

53 33 84 35
56 37 96 98

36 12 65 20
47 43 77 56

22 11 81 72
3 61 79 82

6 52 69 58
64 9 82 48

87 35 95 83
51 16 72 33

60 59 97 88
27 3 44 8

18 50 75 71
53 11 78 36

70 40 74 91
2 39 4 43

75 48 97 78
63 12 99 64

52 39 60 71
48 18 74 48

1 31 19 68
25 19 80 51

2 6 60 42
34 49 62 59

9 7 79 60
23 54 42 72

44 75 75 94
42 72 70 93

13 55 62 90
75 42 94 96

35 2 84 49
3 8 18 79

34 76 67 92
64 30 90 65

24 31 60 40
18 55 85 84

10 41 47 74
16 72 37 89

43 21 53 23
46 55 81 80

47 8 48 38
39 24 63 55

15 7 47 34
33 18 62 32

24 26 44 62
15 14 61 86

59 57 60 89
41 42 44 90

91 32 98 55
88 5 89 31

38 72 87 91
52 57 61 76

5 38 83 66
77 9 98 32

22 67 37 78
18 10 57 72

5 17 55 45
0 2 45 32

90 42 93 57
14 11 54 70

61 30 97 47
38 57 62 75

24 5 36 55
78 17 81 88

83 28 86 85
86 12 87 28

69 70 80 86
83 32 92 98

53 80 80 91
42 18 89 31

13 38 24 46
7 37 54 86

72 17 93 31
59 59 81 92

51 78 81 86
28 27 73 71

8 3 51 70
40 5 89 86

24 19 65 51
83 8 89 76

61 21 77 59
58 61 70 65

3 48 43 76
19 55 24 84

22 14 78 39
19 19 25 84

1 55 22 84
11 12 15 73

23 46 92 50
11 12 93 96

6 25 12 82
32 5 83 67

6 29 10 71
84 65 90 85

20 27 64 70
34 27 35 52

50 3 58 30
61 20 94 52

29 2 58 41
21 24 61 98

28 12 69 53
11 27 19 49

71 54 91 79
6 16 59 58

9 23 88 71
23 43 34 92

4 66 97 85
19 90 35 99

56 63 95 67
12 46 66 58

36 37 53 42
12 10 95 21

36 44 81 70
39 15 57 61

0 56 37 79
36 7 69 92

17 12 70 83
10 41 34 70

30 64 63 75
26 49 74 62

8 17 45 84
51 22 85 30

10 30 52 40
31 48 37 84

48 32 59 93
25 16 59 74

56 2 80 34
7 48 51 67

32 33 96 84
66 7 84 88

76 60 89 80
16 8 78 37

65 76 92 83
70 26 99 50

52 60 79 86
55 4 60 53

44 80 89 89
56 68 97 84

0 44 86 65
5 2 17 34

37 10 49 19
12 16 36 97

9 24 17 54
60 14 69 28

1 9 18 94
15 46 67 53

15 70 42 84
47 18 73 49

62 20 80 99
18 62 45 67

27 49 73 86
67 63 85 87

9 4 37 48
24 57 94 92

37 36 80 76
5 67 47 85

6 24 27 66
76 55 85 86

25 4 59 44
19 81 92 83

29 5 32 85
26 15 94 97

26 52 74 79
73 47 89 52

47 23 65 77
15 62 51 79

35 6 40 84
55 65 90 84

2 0 74 89
39 16 97 23

20 3 65 38
2 42 9 57

19 32 67 70
63 32 87 79


31 7 84 33
70 35 75 56

11 25 95 57
13 66 68 81

39 3 98 26
36 58 62 61

27 60 74 67
55 67 57 91

26 11 40 24
33 1 54 46


23 37 94 62
20 9 82 50

17 1 94 21
26 66 88 93

67 21 69 29
28 22 54 99

33 9 52 96
52 32 57 79

46 69 93 81
13 59 19 90

64 61 88 66
6 19 52 33

14 82 27 92
15 81 42 94

42 42 48 57
22 90 94 92

11 73 67 81
64 71 83 92

28 32 53 38
11 4 23 39

37 21 96 32
54 63 63 78

21 42 48 73
15 34 95 62

8 9 26 95
24 4 88 33

23 5 93 88
92 87 98 96

41 19 69 56
50 20 75 23

45 65 71 66
60 80 99 86

7 48 76 83
33 57 64 87

8 6 76 14
10 45 20 61

17 6 31 70
42 29 67 38

87 47 94 56
36 5 46 85

12 28 85 89
18 38 28 78


60 5 99 66
2 56 34 89

12 27 81 88
48 13 74 32

11 82 73 93
2 58 31 60

88 35 97 55
26 53 79 78

10 41 86 96
45 78 52 82

64 57 71 64
41 8 97 29

15 17 23 90
6 27 51 94

0 1 63 79
41 9 55 79

57 20 65 62
9 25 55 92

26 41 49 75
23 6 91 83

26 56 98 75
2 3 29 29

4 58 17 60
21 77 59 90

30 39 62 91
17 43 84 68


9 13 32 39
12 81 42 94

6 58 46 92
79 9 82 35

26 0 44 62
10 44 68 57

28 14 29 20
3 18 34 96

12 31 87 76
29 28 77 58

2 62 83 86
21 23 84 80

75 10 99 42
52 6 95 24

26 66 80 90
81 36 87 46

19 56 26 74
84 31 96 36

22 22 86 45
68 3 95 94

43 38 45 56
14 14 49 81

5 26 93 47
44 70 83 72

54 50 99 78
14 22 83 81

78 44 88 83
46 30 47 41

38 31 45 94
46 76 53 98

51 24 75 47
11 17 49 65


80 26 98 86
68 20 97 42

51 12 59 37
13 0 97 10

40 51 86 99
17 17 35 83

17 67 85 79
20 66 86 82

21 45 70 68
17 0 41 10

68 18 99 64
26 5 64 70

13 48 70 56
25 32 39 56

62 49 99 87
22 67 71 94

64 36 95 62
24 2 81 89

53 72 76 92
42 45 80 97

6 3 64 93
77 11 83 46

28 47 99 52
14 46 21 68

31 4 60 64
36 12 93 66

38 5 99 31
33 76 54 97

12 53 21 96
51 42 64 79

63 31 89 36
29 4 55 38

61 3 89 26
6 5 21 90

12 45 47 88
2 14 64 94

38 62 47 89
4 20 12 27

52 1 93 16
20 23 33 39

33 1 42 40
16 28 91 97

38 25 91 45
19 11 54 92

19 31 74 33
54 10 78 24

26 77 58 91
16 14 99 32

11 24 67 27
11 2 74 7

12 47 84 66
3 11 58 74

44 5 84 15
68 8 98 39

68 0 94 45
66 47 84 78

34 26 54 45
28 47 33 92

17 59 46 73
22 41 56 47

5 17 66 56
25 19 47 25

15 65 25 99
92 78 95 99

1 23 25 30
11 74 70 80

16 5 85 72
7 26 53 65

10 35 21 43
20 6 68 83

23 35 98 42
34 20 70 72

11 22 43 54
28 3 65 33

14 57 60 73
23 75 65 99

44 62 94 65
67 0 69 65

35 15 44 59
21 33 79 87

41 39 74 55
10 24 21 87

71 36 81 61
4 1 12 64

26 26 59 66
47 43 66 92

2 7 54 75
33 7 46 8

16 60 39 98
22 0 78 1

13 60 55 90
25 13 54 36

32 62 79 80
5 24 97 51

31 79 59 92
29 51 87 68

1 34 55 80
23 35 80 79

25 71 93 91
4 7 31 64

22 32 35 96
20 36 79 39

3 32 15 83
35 0 54 62

32 12 36 96
65 10 83 43

61 81 86 92
41 56 90 77

52 61 63 94
72 27 97 33

17 59 64 71
4 33 11 92

44 4 81 9
64 19 99 25

53 70 85 75
26 9 46 52


58 3 94 62
6 50 88 54

11 11 69 85
10 48 82 63


50 2 94 9
39 41 85 49

31 11 44 37
17 39 32 53

2 43 80 91
6 72 85 91

66 2 91 6
0 40 94 49

50 2 51 41
43 19 88 90

40 24 53 57
23 3 48 78

21 36 51 98
27 18 89 60

56 2 66 20
19 21 21 95


11 34 41 57
35 89 89 92

56 28 88 35
29 37 41 53

25 30 59 40
35 52 47 71

19 76 84 84
68 9 76 87

9 50 66 73
15 43 53 61

23 36 55 96
49 74 64 76

14 6 26 73
1 37 10 45

29 6 81 65
49 10 74 45

19 12 92 97
55 10 86 93

6 29 31 47
3 23 7 34

69 22 82 59
56 22 92 59

25 28 37 38
51 0 73 96

13 82 44 93
4 3 20 75

5 22 62 51
8 8 26 30

8 52 19 53
12 65 76 75

55 56 89 92
28 25 56 88

21 7 34 42
38 45 83 52

40 26 48 48
27 78 86 87

6 34 83 40
15 36 47 51

59 51 70 80
16 76 69 89

3 31 35 93
18 10 29 97

29 56 76 59
62 20 89 44

24 6 36 71
52 59 58 74

40 37 69 77
5 27 9 64

41 11 58 57
39 22 54 69

30 45 33 77
73 65 74 99

10 14 24 70
30 3 34 88

22 31 66 41
23 64 68 95

4 18 78 76
10 39 50 93

16 38 83 57
55 52 90 56


58 66 72 96
13 12 78 56

17 26 40 27
17 20 90 73

10 76 34 83
66 80 91 97

22 11 46 83
0 25 80 66

38 16 84 73
85 24 97 66

26 16 51 46
18 42 68 54

29 47 77 82
62 44 68 91

8 26 55 61
45 25 87 38

11 79 29 93
18 45 48 74

21 41 43 43
37 43 62 96

14 34 30 90
45 5 86 77

56 66 94 81
1 7 56 30

19 61 52 68
7 43 22 94

50 37 89 64
26 7 33 92

15 60 49 79
8 30 36 66

64 11 84 65
41 48 70 60

23 45 61 80
68 41 75 71

64 43 78 87
63 30 95 87

18 32 96 43
9 43 27 62

45 9 74 38
9 19 96 51

31 17 70 91
6 14 10 23

1 3 40 18
48 45 57 85

28 3 76 29
89 35 92 46

7 14 18 73
24 86 68 91

8 66 55 82
48 5 65 41

1 2 59 60
17 93 45 99

26 15 28 48
46 50 72 90

6 57 76 74
43 12 52 65

98 15 99 79
20 1 47 20


30 3 94 71
73 45 92 98

1 6 54 25
42 18 49 99

49 14 94 93
70 54 86 94

18 0 97 55
1 55 51 82

78 37 95 39
4 57 34 90

67 15 89 38
9 38 86 55

4 49 35 57
43 11 91 61

66 44 93 61
67 14 69 78

15 54 99 55
2 65 96 91

63 24 80 81
19 54 66 80

24 11 29 67
24 17 75 28

41 14 42 61
11 62 92 75

60 14 81 70
35 5 77 92

67 17 86 86
58 34 97 40

3 1 26 2
29 20 78 72

23 33 86 86
30 42 60 49

19 56 42 71
6 64 61 73

0 10 33 59
30 8 99 44

3 10 97 33
78 2 82 5

20 3 38 88
37 45 99 93

2 14 8 64
15 67 80 88

13 77 47 95
73 3 99 54

66 49 70 87
0 3 93 21

31 24 91 82
21 75 81 89

23 56 92 91
44 38 72 58

36 33 43 94
61 32 89 48

55 33 88 55
36 28 81 64

4 47 27 60
26 49 74 50

6 40 66 91
2 81 99 97

14 0 87 44
44 10 55 32

17 18 32 65
46 33 53 82

3 29 81 93
55 22 95 78

53 7 71 65
22 57 46 61

1 61 60 68
46 78 97 82

48 47 63 69
47 50 81 54

62 18 99 79
9 0 47 92

57 54 80 60
3 15 17 67

29 67 70 83
14 42 27 49

49 9 62 11
17 45 82 59

38 15 69 16
0 16 59 32

16 71 28 87
45 38 54 67


37 20 68 60
38 7 71 17

62 23 84 62
43 11 91 94

20 17 33 82
20 27 40 85

72 42 94 82
60 33 99 50

19 57 45 70
16 16 39 78

23 18 39 92
83 3 87 29

63 12 72 72
35 30 57 40

34 42 81 64
33 52 97 92

14 11 42 62
5 41 78 80

34 53 70 98
27 8 73 45

42 10 80 77
2 23 90 59

24 17 36 69
61 68 73 73

35 32 75 79
14 12 20 84

6 79 10 89
89 25 97 31

29 61 35 71
37 73 72 95

12 22 48 94
26 1 67 42

3 69 73 86
93 52 98 53

9 31 94 50
56 72 91 82

43 44 95 80
67 5 91 16

51 81 55 90
19 74 32 83

5 43 21 50
19 2 48 80

34 31 42 85
13 57 42 86

53 18 60 27
24 0 44 43

33 46 75 81
16 22 17 72

15 9 37 73
15 9 27 89

20 4 61 94
4 42 85 45

9 54 60 73
68 6 84 12

54 10 87 71
56 45 83 46

50 18 71 54
44 12 98 27

64 50 74 68
10 39 30 47

20 7 70 93
89 71 99 95

39 66 81 95
16 19 64 40

35 37 95 86
64 55 91 98

66 20 90 57
5 60 76 98

53 5 77 18
5 13 76 96

10 78 32 91
83 84 96 97

30 70 34 73
20 41 51 81

38 14 86 62
74 25 95 64

27 43 70 84
9 60 98 80

23 39 41 89
59 25 88 41

23 15 95 26
15 53 96 67

81 19 86 34
55 35 84 59

6 56 54 71
4 56 63 69

8 38 27 98
23 23 48 32

47 38 71 49
69 81 95 92

50 58 63 67
26 5 99 93

33 14 64 96
20 0 83 5

3 38 43 91
70 15 78 49

16 64 69 88
32 88 85 98

47 46 65 47
44 4 91 77

7 25 18 28
30 28 53 96

18 40 85 64
41 10 55 65

5 9 23 75
37 37 73 49

47 34 90 84
38 11 88 97

37 12 59 25
5 5 19 61

1 21 24 65
8 27 86 31


2 4 88 78
16 54 43 76

5 18 53 24
59 35 79 81

2 40 80 52
79 24 89 33

16 14 34 61
10 31 85 50

36 29 39 34
4 61 5 88

7 69 10 85
19 4 86 19

8 11 21 62
35 22 88 95

52 14 62 35
47 38 67 64

55 11 93 73
50 61 61 72

9 7 68 82
28 2 39 78

47 35 89 64
25 9 60 29

45 43 74 73
59 11 64 71

53 34 84 55
58 18 98 68

19 0 51 25
42 2 55 89

45 22 66 77
38 51 78 52

35 77 46 99
5 10 89 22

8 18 25 23
66 86 86 94

19 31 89 86
75 72 88 73

6 37 50 94
88 24 97 41

19 48 43 75
8 11 50 85

29 61 58 77
55 57 67 63

1 40 26 53
13 25 41 99

63 4 71 36
68 11 78 80

7 12 97 57
9 42 75 68

4 45 55 71
10 80 60 89

13 42 21 54
20 50 34 53

90 6 91 12
38 17 68 23

45 55 87 74
62 18 68 75

24 42 72 86
22 75 84 97

18 3 95 82
8 32 90 33

90 18 98 45
28 25 69 35

8 32 61 71
30 54 59 89

31 67 83 92
6 53 68 64

19 28 38 35
19 61 28 78

7 49 9 89
28 36 36 67

98 59 99 80
1 42 59 86

78 42 84 62
26 84 46 96

31 26 98 64
3 12 26 56

5 13 85 54
21 1 42 40

61 20 72 83
6 78 14 98

40 41 84 83
18 16 37 67

20 23 84 94
51 47 62 88

42 12 56 98
13 87 15 90

10 23 26 40
1 5 68 91

32 11 41 88
7 28 21 41

22 53 91 65
25 52 53 82

47 32 64 62
23 1 30 8

76 1 85 54
77 11 92 70

24 45 99 82
10 38 58 50


24 54 76 69
23 15 99 37

16 29 99 91
2 32 8 99

53 11 81 29
43 13 67 80

23 31 69 42
29 39 86 53

14 14 60 60
35 3 75 35

91 16 94 99
15 53 48 83

12 64 49 92
30 54 31 72

14 80 51 86
52 67 77 85

45 25 89 81
72 12 84 63

28 14 30 30
43 35 97 92

51 37 61 93
9 32 81 47

76 12 85 28
14 4 50 95

28 29 95 68
41 46 64 83

21 16 98 28
63 9 95 57

15 2 98 96
7 29 49 35

87 1 93 64
11 5 43 91

40 11 86 56
79 0 94 3

31 17 92 40
78 49 95 62

3 35 76 58
39 71 52 91

85 80 87 93
50 71 98 90

34 16 37 99
29 69 54 73

37 65 86 84
64 40 66 46

5 27 69 74
44 65 98 81

10 62 37 88
33 30 61 50

20 18 29 49
83 73 87 74

73 57 92 89
4 28 58 81

9 2 61 57
19 39 59 97

1 43 30 85
67 6 86 45

63 7 97 32
3 5 34 28

15 18 26 36
19 64 51 80

18 72 60 89
28 21 90 72

6 67 81 68
12 22 73 26

75 7 86 30
12 46 20 59

27 34 29 98
80 30 99 93

20 11 69 65
0 82 86 83

44 2 50 69
28 44 62 90

14 34 51 72
31 32 63 43

60 41 67 93
18 34 24 39

51 51 96 96
86 78 89 85

37 51 80 54
61 75 98 93

49 62 66 65
46 10 97 60

13 51 53 83
37 25 77 75

26 22 40 29
52 14 64 53

20 5 33 94
19 20 50 21

68 18 83 37
30 28 97 95

31 31 51 80
6 6 68 60

80 41 84 48
32 2 55 17

27 46 59 63
61 19 85 30

20 0 56 2
28 50 54 57

59 79 81 89
87 23 95 39

27 23 32 60
77 14 87 29

36 13 93 50
30 2 84 32

32 5 40 46
55 55 60 71

45 2 88 27
92 20 93 50

25 32 73 64
51 39 61 78

6 36 43 41
73 39 79 72

57 17 96 18
3 40 74 91

42 18 71 63
20 12 87 35

45 48 67 76
7 87 81 88

2 76 81 82
15 12 55 54

24 66 63 82
50 21 74 57

27 37 69 56
72 44 99 69

92 45 97 73
4 12 33 59

14 21 88 41
55 18 95 86

19 36 68 70
45 43 94 63

72 20 80 23
5 20 41 97

65 22 90 47
50 6 86 16

27 38 47 82
76 53 94 65

89 87 96 90
31 54 35 59

26 35 63 68
19 17 55 61

20 8 91 22
14 5 78 38

13 7 28 39
4 0 92 25

12 21 34 91
95 11 97 80

67 46 75 79
22 7 49 94

16 16 40 70
30 75 55 96

35 40 67 55
11 40 80 45

45 18 83 40
51 7 80 51

18 41 83 53
32 24 61 87

4 59 29 95
11 7 22 46

63 1 89 38
43 88 79 98

17 81 62 95
68 2 84 86

8 51 67 79
67 28 69 98



7 11 49 27
33 53 66 66

74 56 97 95
64 39 84 45

6 5 7 25
10 7 75 44


15 37 52 61
79 7 81 42

77 54 99 93
83 33 99 43

5 0 10 81
20 40 96 53

75 6 80 88
30 34 40 40

54 72 55 88
66 47 85 62

1 1 65 8
52 57 93 96

3 76 48 90
31 29 44 76

18 34 58 89
58 23 75 65

47 53 81 66
0 31 14 81

1 32 41 53
80 62 86 89

5 17 80 24
36 52 47 94

65 75 87 83
14 40 59 95

6 13 93 20
45 52 46 98

36 3 87 73
65 15 69 49

32 26 70 58
31 5 78 96

40 31 65 71
63 6 99 78

8 53 92 78
30 30 90 51

19 3 54 88
70 37 72 94

55 53 63 86
10 11 94 35

50 43 58 50
21 8 22 30

65 36 86 56
69 86 87 88

41 66 94 76
12 12 65 19

17 23 29 57
27 30 92 34

3 25 77 80
40 7 51 16

26 47 43 72
58 35 83 77

52 64 63 95
7 35 29 58

25 4 92 33
19 34 37 40

49 0 66 17
6 16 24 85

20 3 41 32
20 3 51 32

27 12 83 19
54 63 86 70

47 36 55 68
54 24 75 76

21 76 45 79
69 41 92 64

49 37 85 96
28 40 69 52

7 65 60 94
14 13 87 57

77 49 95 70
32 46 77 53


34 19 98 89
29 23 62 70

40 16 41 56
25 21 80 75

3 35 23 45
0 40 43 75

24 31 65 71
8 23 25 83

42 5 72 94
18 27 54 95

10 3 95 90
20 23 25 65

48 0 62 10
2 27 5 70

27 2 98 52
7 1 37 28

62 16 74 58
85 55 92 63

32 45 67 53
11 28 44 44

39 31 73 96
24 1 41 20

55 33 74 73
53 7 93 35

27 72 93 75
31 15 38 27

57 1 72 68
35 61 97 97

88 81 94 92
70 2 93 96

1 30 27 46
17 53 80 59

28 31 62 45
10 61 18 76

29 18 83 29
78 66 79 79

23 48 73 95
2 18 17 43

25 9 29 16
42 57 69 68

49 2 52 67
62 43 63 97

25 68 45 75
4 29 99 94

23 40 42 76
19 10 44 25


51 63 58 73
59 11 66 70

38 39 84 40
33 61 38 69

27 23 97 53
15 48 16 61

34 40 93 53
40 36 49 99

0 19 51 72
10 30 94 46

21 23 33 86
7 36 54 81

4 4 89 73
52 49 56 86

38 79 39 89
41 30 77 93

2 12 28 91
48 37 95 81

16 4 76 71
83 40 92 52

9 13 81 89
13 38 99 52

39 31 79 80
56 25 61 37

15 28 38 63
33 49 65 97

53 72 93 77
46 69 77 79

82 69 86 99
33 3 59 72

34 4 39 47
30 14 47 84

64 30 68 53
79 2 82 75

27 4 32 30
4 62 73 90


31 29 70 31
52 72 65 97

27 25 30 64
6 39 79 91

6 10 44 73
35 52 69 77

18 18 46 61
43 26 83 42


6 87 34 93
26 44 38 84

9 7 22 44
11 21 45 63

9 52 39 76
19 79 74 80

42 37 88 83
19 6 43 78

77 15 93 71
7 12 72 46

68 13 71 90
11 29 34 44

2 48 5 77
27 9 76 71

16 6 98 11
13 41 69 47

12 14 58 30
71 40 78 77

1 5 19 36
31 32 86 85

44 14 80 72
23 28 60 43

2 39 74 43
15 25 81 42

9 56 45 69
85 61 87 89

4 77 18 87
5 1 9 73

39 1 41 25
63 29 69 37

69 32 71 38
2 47 75 63

71 16 84 71
8 12 77 13

41 52 96 53
50 6 77 92

17 32 31 45
52 21 75 75

53 13 96 98
28 45 29 64

14 36 52 61
0 26 91 39

42 44 78 92
8 25 50 88

34 34 82 57
61 10 78 57

75 12 83 55
52 9 56 76

64 10 66 70
17 11 96 49

26 7 94 34
44 26 96 59

68 13 82 95
75 52 98 82

50 7 59 46
63 16 74 82

38 8 91 92
34 60 41 71

35 32 78 47
6 10 26 60

23 25 27 55
50 1 59 59

57 34 70 60
28 16 32 23

8 52 66 83
1 64 54 89

11 11 84 21
70 71 83 97

7 9 79 74
38 9 86 10

22 75 43 95
2 20 63 50

23 24 33 72
39 24 89 65

38 22 52 87
10 71 22 81

89 28 98 90
53 27 84 89

27 30 36 55
5 22 99 50

75 30 91 98
16 6 64 68

45 28 54 91
14 45 56 61

12 25 52 48
57 76 66 84

2 14 83 53
17 27 88 79

78 8 92 62
20 0 94 76

19 22 66 29
34 19 90 98

94 3 97 47
63 18 75 88

54 23 58 98
23 30 51 67


56 4 75 61
24 60 99 93

21 36 59 97
37 6 86 96

30 67 43 94
24 34 81 62

62 33 68 37
18 63 64 93

21 20 68 55
44 17 67 65

62 53 78 64
51 60 60 95

6 14 42 23
0 3 83 37

62 36 74 80
38 11 52 26

72 16 81 31
0 78 97 85

11 42 90 63
2 10 54 44

12 67 76 95
4 91 76 99

30 21 87 23
39 32 49 63

64 79 82 82
13 24 16 60

2 9 7 39
1 21 8 54

73 54 77 68
19 60 78 97

7 81 20 98
14 52 70 62

30 43 93 87
10 17 47 67

2 62 59 78
32 38 60 83

4 36 6 44
75 34 93 96

13 33 30 35
44 40 47 74

27 2 92 17
36 28 74 71

2 8 95 91
26 92 34 98

42 28 82 58
77 0 87 92


55 23 98 29
34 10 47 82

1 35 49 90
27 28 88 62

8 20 82 69
64 21 85 44

42 70 57 99
28 39 85 40

15 13 26 22
32 11 62 95

33 12 37 46
26 59 77 74

35 72 46 80
1 5 11 69

59 75 68 96
15 37 97 75

30 88 59 92
35 55 91 76

53 1 72 40
15 60 80 67

61 24 92 39
8 5 94 29

5 1 29 26
20 1 38 2

42 40 49 46
29 54 53 68

6 38 9 55
16 57 76 89

8 14 49 54
43 59 57 86

48 20 61 64
18 1 51 22

12 41 20 93
62 80 73 95

51 70 71 99
19 79 80 88

2 34 29 86
45 25 98 46

41 10 58 19
59 23 93 63

14 65 56 87
12 19 70 93

42 34 63 92
22 14 81 51

0 33 35 89
45 4 66 32

8 19 51 66
29 10 96 43

37 50 60 60
21 53 72 88

46 22 63 37
79 14 88 88

30 48 88 86
80 42 96 56

60 28 83 79
23 42 41 78

83 7 92 38
13 29 44 95

70 21 90 66
7 35 58 99

35 33 37 37
31 42 67 50

70 32 91 82
24 28 93 62

53 35 68 81
83 39 97 62

29 60 53 63
36 14 47 73

35 2 51 58
34 25 52 53

22 9 87 67
11 47 24 79

77 12 83 26
18 17 75 23

29 86 56 92
1 17 28 63

4 39 27 66
32 6 71 16

58 21 78 74
2 31 21 52

56 9 64 26
26 47 91 49

55 83 88 91
8 45 41 99

65 20 88 36
5 26 36 46

52 67 83 85
19 34 26 68

35 27 77 61
3 10 62 26

18 45 50 91
44 66 78 89

25 38 61 97
17 65 30 95

62 2 69 95
33 21 70 82

43 0 47 2
26 8 57 12

10 75 96 99
6 68 88 93

32 48 66 65
13 14 49 70

16 18 75 61
0 82 39 86

34 41 95 52
53 12 60 57

15 22 64 84
4 70 77 90

7 62 61 71
20 33 85 48

3 44 53 61
3 31 95 50

24 2 29 89
15 45 29 98

31 19 82 35
9 6 12 25

68 41 77 88
14 19 73 89

2 31 76 64
47 26 97 81

23 15 35 52
2 33 66 97

0 12 16 69
27 46 77 90

30 22 56 87
3 31 28 41

30 14 57 27
47 53 56 79

20 32 82 37
38 39 81 70

50 3 91 27
18 25 93 74

12 48 23 78
42 61 92 74

51 1 75 8
6 5 22 39

23 17 79 94
57 7 64 56

8 26 60 86
5 53 12 81

1 21 76 59
21 47 95 95

48 7 97 71
46 28 55 34


72 73 76 78
78 17 88 59

31 27 70 38
33 74 43 92

30 38 81 63
79 53 91 72

24 3 65 84
37 9 74 50

23 39 51 87
53 56 98 84

69 12 94 63
37 4 80 62

19 0 70 50
10 3 73 75

40 79 49 86
14 48 81 65

4 5 35 9
13 7 86 93

57 40 60 71
46 17 76 54

47 10 55 19
22 37 80 81

62 20 68 29
49 5 68 94

3 14 51 41
60 48 65 77

20 15 69 69
23 84 48 95


11 21 12 61
16 35 80 66

33 77 67 84
25 13 93 62

82 45 97 77
14 36 58 41


3 18 61 83
29 18 36 49

69 62 95 85
73 24 99 70

33 16 54 91
9 37 68 80

7 53 79 85
25 58 70 73

28 20 38 56
64 21 74 34

6 48 22 95
57 43 73 65

33 34 79 99
42 2 66 36

45 55 73 67
50 40 65 41

48 9 93 61
34 43 75 97

40 50 44 92
9 48 69 93

43 37 79 47
35 39 98 95

9 59 46 63
11 0 55 56

4 66 13 79
47 28 61 40

20 26 57 42
35 24 81 74

66 62 73 64
53 22 61 60

0 63 75 81
30 72 34 86

90 17 99 99
45 9 51 39

17 87 81 99
62 23 68 34

37 48 87 51
63 70 91 91

4 6 38 20
78 7 90 89

24 72 68 88
70 33 79 87

20 38 60 80
34 22 62 67

18 22 51 42
33 71 93 85

49 43 92 91
22 80 50 91

21 49 27 63
48 65 52 88

27 3 68 45
12 77 41 92

82 15 99 87
44 38 72 93

16 39 82 84
17 63 84 82

90 12 97 42
1 7 45 13

5 21 80 68
17 52 45 65

52 41 97 67
25 87 58 93

23 28 92 32
14 34 92 92

11 8 56 77
9 22 36 89

41 11 42 62
28 37 40 63

80 30 82 57
40 51 69 84

45 13 83 37
50 13 57 72

1 22 13 75
89 31 96 64

38 30 79 94
7 39 57 67

39 32 50 97
0 16 19 64

35 54 81 85
26 4 38 51

73 68 79 79
69 51 95 59

26 33 45 90
9 25 54 46

59 78 74 79
46 9 74 95

28 18 49 47
27 6 98 74

5 27 23 44
53 3 78 79

45 30 76 65
55 14 90 76

6 45 64 90
41 33 53 51

42 3 98 70
48 28 78 71

35 67 55 88
71 14 86 68

16 23 33 96
23 39 73 90

31 29 35 36
28 21 80 71

25 79 31 93
21 3 55 90

29 15 70 79
47 29 93 62

25 55 32 85
27 34 50 46

27 43 63 70
59 66 92 90

11 22 69 24
33 14 77 62

45 29 99 93
10 7 92 24

44 31 87 90
29 24 72 87

46 68 56 82
38 10 49 59

60 45 84 83
50 13 61 59

88 58 95 88
65 64 98 86

48 33 61 76
29 38 52 72

55 6 98 89
4 16 16 48

32 14 53 62
73 29 82 79

37 12 62 69
34 16 54 98

26 1 34 63
74 53 78 77

29 33 59 66
28 1 66 81

15 32 98 47
27 51 89 62

16 63 31 71
14 3 17 87

40 67 92 71
14 0 72 43

18 12 32 28
30 35 84 93

92 67 97 86
19 88 81 89

5 59 13 82
71 63 98 86

5 34 38 53
77 48 86 61

4 73 77 89
59 24 66 56

11 30 43 43
25 70 84 90

29 12 89 72
10 18 79 76

10 23 67 45
71 6 97 53

0 42 80 59
18 9 98 16

11 39 62 92
62 29 95 37

44 23 53 49
16 83 25 93

68 37 88 80
87 90 92 92

19 52 85 69
20 17 55 31


17 9 95 11
54 34 94 94



64 45 84 54
60 39 74 69

0 24 29 32
55 30 78 58

5 19 82 97
8 56 48 99

63 55 72 57
0 22 33 65

67 71 70 96
27 9 62 65

63 70 97 85
27 33 43 52



26 5 64 37
2 14 27 42

51 12 99 79
16 12 95 24

16 2 17 26
77 1 78 8

64 26 97 36
8 34 19 77

15 11 84 91
58 21 69 53

17 4 57 52
16 2 33 29

31 62 32 80
40 63 61 78

37 14 89 45
9 31 43 93

23 28 58 56
9 1 81 90

5 47 78 63
73 57 76 65

45 19 59 72
83 23 86 50

16 21 24 85
52 30 60 70

27 50 86 60
3 25 47 51

60 33 98 88
26 37 53 91

10 9 51 37
12 12 45 70

80 7 85 92
38 17 90 63

24 24 65 78
69 29 81 49

31 15 38 57
6 46 43 94

55 66 68 83
19 0 48 88

33 23 95 44
7 10 33 93

23 34 25 94
4 35 35 75

25 44 42 69
0 15 90 69

51 69 97 87
75 21 99 32

65 8 70 56
1 18 73 50

4 44 24 80
39 15 71 65


52 3 74 19
1 24 40 36

6 31 44 80
45 21 50 81

54 1 77 93
0 10 68 66

31 33 96 84
20 34 50 54

6 48 47 58
46 4 94 72


61 50 97 54
64 12 81 16

1 63 13 96
30 17 74 21

75 35 88 69
21 11 42 91

79 53 98 98
51 1 58 13

67 51 71 52
19 64 84 97

12 60 21 95
29 68 95 83

5 70 37 78
31 30 62 90

40 35 93 44
48 45 51 74

48 4 68 27
43 1 68 89

13 36 56 51
4 86 94 99

57 30 93 77
19 59 20 64

12 15 94 60
6 62 94 90

54 66 69 74
12 15 19 20

32 23 51 79
7 30 10 53

19 30 60 90
32 54 41 97

14 12 35 29
54 44 72 79

10 53 23 88
69 8 82 66

72 32 84 45
46 65 76 85

36 55 67 69
8 66 9 95

30 0 75 24
20 8 85 79

31 48 84 65
5 30 57 31

77 39 93 62
53 56 99 89

11 10 66 26
28 21 72 99

59 44 97 99
18 1 30 4

15 66 53 72
62 2 97 7

16 46 74 79
15 33 54 69

31 59 65 89
60 19 80 88

78 15 88 48
70 37 71 49


81 48 95 70
49 14 91 82

23 3 41 35
44 4 74 6

32 2 73 52
44 21 53 40

2 11 20 84
61 27 66 99

56 6 98 48
30 64 41 72

23 51 76 97
20 1 57 4

30 27 53 58
50 0 58 78

11 15 52 71
42 22 72 81

40 82 70 87
52 76 59 98

2 59 87 73
27 42 59 63

32 69 74 91
21 29 24 69


45 53 77 97
4 25 88 76

6 17 99 35
51 10 78 11


59 38 82 47
37 54 57 58

63 3 66 54
19 25 29 30

18 58 80 95
6 20 69 46

74 44 91 47
30 56 97 82

12 21 81 95
5 27 18 84

20 39 31 40
12 17 21 92

12 2 39 8
71 6 74 62

48 45 54 58
41 48 84 54

1 22 74 93
1 29 58 78

20 18 84 96
36 40 42 81

0 23 94 42
0 17 69 37

54 15 96 90
21 39 89 63

13 56 22 80
14 10 38 51

29 0 58 47
17 34 40 69

28 3 34 93
28 35 30 73

78 25 88 67
9 31 16 83

39 15 81 48
25 88 77 99

6 23 98 40
26 25 38 45

38 28 54 35
20 70 53 99

47 54 93 66
16 37 49 97

4 18 89 45
30 6 96 36

95 12 99 33
25 10 57 80

47 19 91 67
44 38 89 70

88 4 89 92
38 54 82 79

86 68 99 98
48 5 56 43

55 28 69 33
39 25 78 65

30 26 32 96
67 61 73 64

9 66 56 94
20 26 91 29

71 19 76 98
55 14 84 40

24 25 95 54
34 16 90 31

22 42 27 95
59 50 94 56

68 11 74 97
23 18 46 40

51 35 90 89
4 21 45 27

52 75 99 85
6 53 42 64

34 11 95 80
6 26 20 83

80 89 94 93
55 6 82 11

52 70 72 93
8 59 21 91

19 16 73 96
25 11 49 32

96 3 97 44
16 62 27 82

59 14 71 55
18 26 53 72

23 31 65 96
38 12 39 91

58 36 87 80
64 86 89 99

43 28 60 41
23 29 70 43

95 48 98 95
19 26 69 92


6 60 19 95
36 33 60 96

3 25 74 26
68 7 98 45

3 39 18 45
72 11 74 83

46 39 59 60
77 35 78 85

50 82 97 86
15 13 57 34

11 39 42 92
31 37 46 50

1 41 82 76
6 39 25 53

78 13 84 65
9 11 50 49

31 49 48 57
47 70 83 89

61 26 95 33
60 28 70 61

4 11 22 89
29 16 47 83

59 68 81 96
84 79 97 84




22 49 89 73
20 49 81 57

50 25 61 77
14 36 46 44

48 72 74 81
32 0 44 36

73 42 92 75
49 23 99 88

71 13 73 91
54 15 70 92

69 39 73 93
29 67 67 83

55 39 65 99
92 22 97 35

62 17 84 83
11 24 40 35

37 71 65 78
8 33 71 39

32 12 92 72
56 17 61 79

71 22 73 68
4 45 63 47

62 30 66 82
6 17 54 20

44 4 95 91
18 37 30 63

14 27 61 76
6 42 69 45

65 65 77 92
10 39 21 40

24 70 74 78
32 50 39 76

34 5 42 32
21 20 24 91

35 4 47 19
16 47 53 83

12 3 81 75
67 43 74 50

65 25 93 28
4 54 79 90

73 49 86 95
60 40 67 95

14 20 59 99
46 3 75 9

10 12 30 36
7 42 49 86

67 28 72 68
22 18 98 71


67 4 76 68
23 13 65 28

5 55 77 64
3 8 84 49

17 36 70 68
54 4 91 91

63 6 72 76
28 5 44 6

26 61 63 80
49 8 74 54

25 35 51 61
11 95 28 98

31 18 80 72
9 10 37 28

24 5 56 68
26 15 52 62

23 48 52 53
56 0 97 59

21 61 33 87
32 11 82 12

13 2 81 36
16 12 90 67

32 25 73 72
34 41 58 62

41 6 57 15
49 58 75 83

45 80 96 96
8 44 27 92

41 32 81 94
59 51 97 70

23 48 43 54
9 16 41 18

32 31 82 76
34 7 59 14

11 58 79 87
31 2 71 12

64 14 96 96
7 36 47 51

22 5 84 31
25 1 73 7

5 16 77 39
11 23 53 42

16 52 62 87
54 10 94 52

3 10 48 24
48 13 61 70

45 54 70 71
7 30 44 49


56 2 95 31
35 12 50 53

37 15 83 83
29 6 50 95

51 18 60 95
19 4 49 97

15 5 18 45
8 64 48 89

72 66 95 97
7 2 79 42

18 18 68 26
84 50 99 65

84 15 96 46
33 3 95 20

10 18 77 49
77 35 90 72

1 69 62 70
32 52 72 63

41 70 42 93
25 21 36 44

42 37 72 57
9 60 37 99

61 15 86 69
4 65 51 87

9 42 58 86
50 76 82 95

17 69 43 70
5 77 66 90

60 34 79 49
40 48 47 78

60 12 69 93
74 77 81 84

16 24 90 26
21 9 66 53

75 30 91 96
41 53 73 74

52 2 60 45
2 23 7 68

17 32 71 97
50 33 61 92

12 69 77 95
22 57 85 76

39 73 97 90
12 17 99 43

45 19 59 62
85 22 99 39

23 4 54 72
5 66 36 97

17 3 66 13
70 37 88 79

4 27 62 74
3 15 70 43

57 34 67 66
25 49 95 88

0 6 12 36
3 2 18 87

16 42 21 61
38 0 74 98

25 27 78 82
47 14 70 49

28 32 83 75
60 24 72 60

82 55 85 96
51 6 85 42

67 19 85 57
17 58 59 89

85 41 94 71
7 7 20 87

39 62 55 67
39 49 64 79

21 4 76 59
46 17 79 46

37 3 83 94
13 1 54 84

7 58 98 94
54 45 80 87

60 55 93 57
34 58 99 72


86 91 95 92
8 59 75 93

40 62 82 69
14 2 94 39

57 25 74 49
7 6 91 98

29 83 70 99
30 16 39 79

70 46 86 61
6 5 97 80

26 92 46 94
41 32 96 67

5 45 81 49
40 55 43 62

24 45 54 55
25 23 45 31

36 45 47 78
35 41 43 77

23 34 62 55
18 74 72 77

19 78 99 91
33 39 62 54

40 37 99 46
21 69 76 76

58 21 99 53
50 48 86 94

73 45 80 55
30 49 98 75

49 41 53 64
39 31 95 55

1 68 46 75
74 32 89 51

72 27 88 85
22 27 32 47

12 45 83 63
20 64 65 66

5 64 25 82
37 95 52 99

16 65 90 74
5 46 77 97

35 23 49 73
0 22 19 83

35 0 67 46
11 13 87 19

1 21 68 29
25 72 39 81

93 46 98 98
75 76 96 96

21 2 83 51
73 9 74 85

41 62 84 80
81 15 95 93

23 36 82 73
0 7 8 45

53 33 58 95
1 9 92 84

12 38 13 87
76 49 86 79

11 7 60 59
5 22 44 78

11 4 80 32
11 30 71 77

16 63 72 70
16 6 25 82

37 21 45 75
21 33 70 54

14 29 33 40
62 8 71 51

12 45 73 83
60 27 75 43

84 1 90 13
20 57 67 83

4 84 17 90
27 12 39 23

5 42 63 76
50 3 77 27

14 0 62 41
27 58 74 84

50 59 69 89
22 91 94 98

51 78 82 81
21 78 56 90

32 6 71 48
34 3 85 48

47 21 55 41
26 4 82 80

28 45 91 50
43 37 86 41

25 47 74 67
30 1 57 77

42 1 84 76
5 17 69 77

12 47 18 90
70 51 96 76

14 0 96 26
19 64 39 89

45 63 56 75
65 28 93 59

30 36 77 46
65 15 87 99

6 32 35 46
28 8 49 42

87 88 97 94
58 4 83 5

20 9 91 31
12 68 13 90

56 81 94 89
21 32 56 57

14 41 31 43
1 30 32 37

32 18 40 99
23 11 67 55

38 20 44 57
40 0 50 44

41 18 97 77
49 27 62 64

68 25 93 59
22 7 96 62

26 0 80 13
1 45 68 63

35 9 59 55
7 6 75 72

0 43 83 49
45 65 70 90

24 13 91 16
23 5 73 75

1 3 89 57
9 0 20 68

7 30 55 31
36 3 66 66

46 17 71 68
33 7 69 60

58 25 75 83
51 4 52 88

46 3 93 7
60 22 66 23

53 5 67 34
41 13 60 52

20 28 59 82
41 12 54 40

17 20 65 95
35 24 69 63

81 0 84 66
41 11 44 74

47 88 79 97
50 50 91 53

22 30 35 76
70 40 77 46


26 22 38 56
30 78 31 86

61 19 83 53
72 8 85 55

8 36 86 37
8 35 77 48

53 57 64 87
29 26 47 96

19 48 52 50
34 48 35 81

0 7 70 53
9 32 72 67

4 7 47 21
56 55 81 97

12 9 61 37
33 35 41 60

35 63 37 72
22 73 44 92

26 51 44 68
71 34 87 53

74 8 75 42
49 5 83 44

62 5 94 55
27 16 92 65

28 50 79 89
62 19 75 94

41 28 97 87
40 15 68 95

9 3 67 50
58 46 61 72


41 2 75 78
24 21 56 97

22 25 60 42
53 38 92 72

1 22 41 60
20 32 54 62

12 73 24 97
8 35 49 49

42 37 80 98
4 26 58 95

71 69 73 76
59 19 65 48

52 7 70 31
15 19 42 69

18 36 28 92
19 61 93 72

9 12 73 78
20 56 59 91

32 50 77 67
15 41 36 69

37 31 52 48
67 50 69 95

39 32 94 58
4 65 40 71

65 85 83 95
43 27 52 28

47 70 81 77
62 11 98 51

11 35 50 70
37 65 80 71

32 24 97 29
0 19 53 89

36 4 85 79
85 58 89 70

32 92 36 95
55 89 86 98

33 59 66 98
24 55 71 69

50 27 74 79
3 39 20 98

55 46 57 70
28 69 40 72

16 19 61 55
18 35 69 96

3 26 55 86
31 33 55 57

6 37 64 61
35 0 85 42

22 41 90 82
2 19 10 55

23 26 74 92
22 0 44 80

66 60 77 78
12 70 21 79

7 40 76 61
92 56 94 85

66 19 97 69
7 82 74 88

1 75 14 97
55 17 88 97

21 77 28 94
40 16 47 26

6 1 18 30
11 29 38 38

35 94 57 98
38 76 84 85

3 34 4 92
10 9 32 83

12 52 39 78
56 20 86 45

50 37 74 46
84 67 88 75

65 69 93 77
4 14 98 60

49 16 53 53
33 45 62 99

1 40 29 97
17 60 85 85

20 8 83 97
16 12 19 36

57 38 82 42
55 61 56 98

5 38 51 77
66 67 76 83

32 43 58 59
50 55 96 70

5 30 79 98
21 3 66 63

5 31 24 93
44 19 61 44

21 13 47 57
50 8 93 33

25 3 44 27
41 20 59 49

64 37 80 71
86 41 98 74

86 4 91 58
2 23 82 30

33 78 76 95
26 3 80 38

25 31 41 66
32 38 52 68

61 6 64 63
47 89 99 90

37 20 99 95
54 30 70 50

45 60 55 81
26 3 98 37

20 21 91 44
11 17 52 64

70 32 73 72
69 7 73 15


26 4 69 21
58 7 67 10

28 54 30 83
19 52 40 65

36 11 41 89
4 34 9 70

49 51 66 61
22 39 78 56

12 10 91 61
23 21 68 53

27 41 49 88
92 6 98 40

28 3 47 38
52 18 73 72


21 66 73 96
39 1 42 91

42 32 67 65
34 57 90 63

37 53 60 89
77 59 85 60

15 63 81 76
42 67 76 80

46 15 97 39
38 5 68 82

10 22 14 45
56 8 80 94

13 35 40 78
47 6 90 37

29 23 53 34
29 26 66 90

12 2 57 18
0 7 25 36

67 23 82 81
41 54 62 69

5 32 54 96
4 33 22 54

75 4 88 56
54 19 98 82

7 21 52 33
5 69 81 72

2 47 63 77
17 1 95 31

16 78 74 97
38 12 52 65

20 21 92 47
3 66 71 78

8 13 39 63
20 83 32 85

32 33 86 60
1 34 44 75

12 2 84 54
18 67 88 80

88 13 90 27
43 51 45 92

55 16 85 57
40 78 53 93

38 12 53 39
49 15 98 61

21 15 82 70
82 33 91 51

22 47 30 66
76 13 91 69

86 22 98 90
15 21 39 77

21 69 33 70
31 66 36 84

9 36 99 52
34 56 39 85

70 74 84 98
27 63 44 78

82 68 85 73
1 3 89 74

72 44 74 58
8 24 80 69

12 21 32 66
6 22 52 74

43 20 49 70
45 27 83 48

17 52 20 73
55 47 58 85


29 26 79 83
1 5 36 79

50 1 77 95
50 33 60 74

19 6 78 77
34 14 54 65

57 5 98 74
13 8 76 83

9 31 43 91
10 10 97 12

11 59 26 87
13 32 85 72

64 62 78 98
32 15 76 30

20 5 34 62
34 70 40 77

14 8 49 12
63 76 70 89

33 28 36 47
0 31 21 85

79 11 93 35
22 8 51 94

23 57 51 70
91 86 93 92

7 4 46 70
33 2 68 59

69 1 88 42
84 19 88 80

30 52 67 83
18 60 77 94

28 51 82 71
38 63 75 82

20 4 36 5
16 59 53 74


64 30 99 34
76 28 90 56

32 0 73 79
22 58 94 83

39 15 66 19
26 11 55 45

14 8 38 87
24 65 62 78

48 13 75 51
90 15 93 59

77 16 90 99
51 10 84 51

77 22 90 98
4 9 68 94

34 33 69 96
51 68 93 75

40 71 99 89
33 5 82 63

21 9 24 62
24 12 72 14

2 6 34 12
54 52 74 88

43 37 86 89
12 36 37 57

52 37 81 77
15 0 82 40

15 27 55 49
13 93 39 94

6 54 47 99
4 76 80 94

31 65 90 79
43 15 74 47

55 71 92 85
27 63 85 82

0 62 12 92
25 24 56 85

14 30 37 47
41 23 77 31

60 4 88 10
62 3 77 70

21 48 88 93
26 26 56 83

20 18 45 97
53 67 56 73

4 14 93 34
33 17 89 93

29 44 79 49
8 29 53 66

59 19 93 30
13 46 15 87

16 11 58 84
24 17 57 30

13 3 97 98
20 68 86 92

41 12 51 59
30 40 46 41

71 56 89 59
36 43 57 46

26 9 79 50
36 2 39 20

23 0 36 75
44 47 96 95

59 59 86 84
0 76 89 78

23 34 36 59
29 5 45 23

8 26 14 96
5 42 46 98

51 65 69 69
64 33 95 65

23 12 24 18
24 47 94 90

76 58 82 80
57 3 63 65

29 34 81 61
12 28 27 49

63 58 97 66
31 36 61 92

7 31 62 48
8 30 90 91

18 23 88 75
3 32 78 92

6 19 60 87
18 33 47 88

45 43 55 58
35 46 38 47

49 29 95 58
12 1 38 8

52 36 76 56
28 14 54 40

11 54 86 56
42 56 59 89

33 14 49 88
13 70 20 86

15 80 61 99
33 32 79 59

9 40 95 63
32 62 76 78

44 3 84 19
60 28 78 59

25 66 93 68
54 52 91 88

21 1 68 51
1 62 62 85

10 25 25 86
55 0 57 1

39 18 71 56
67 77 84 98

45 36 66 95
72 45 83 88

3 4 91 46
31 15 53 66

8 1 44 66
54 19 99 91


77 1 86 28
22 25 68 46

45 65 59 82
0 37 28 80

34 55 44 96
40 17 74 87

0 31 2 50
22 42 59 88

23 82 60 89
87 8 91 51

32 61 90 68
48 87 90 98

34 74 53 83
22 34 79 44

22 33 75 36
78 21 97 57

53 45 62 92
0 34 49 48

16 32 42 95
16 51 45 71

50 77 54 81
21 15 76 50

3 45 96 83
56 55 82 87

47 20 70 32
47 6 80 41

1 13 96 25
97 0 98 16

3 80 93 81
15 30 49 63

52 9 66 86
22 74 64 93

6 10 11 65
71 35 87 51

24 0 76 74
16 29 25 74

55 29 62 61
4 9 43 92

1 84 9 95
17 77 69 80

28 15 94 90
17 2 93 93

3 47 22 67
41 28 71 33

48 5 89 62
33 14 55 42

8 26 9 78
31 58 55 59


30 3 31 16
44 72 71 88

51 19 86 77
58 13 91 18

40 48 52 83
7 42 47 49

8 54 68 67
31 23 97 80

61 35 91 85
24 57 87 73

27 37 34 92
6 29 77 55

4 13 98 97
55 23 63 46

66 25 76 77
49 5 52 10

41 31 43 47
4 44 17 56

1 67 90 81
7 49 88 57

14 54 44 59
53 82 69 97

60 20 71 22
12 8 28 82

21 90 30 91
47 34 86 77

0 59 67 96
7 4 97 16

11 33 23 63
28 30 46 99

53 22 58 71
5 30 33 54

35 44 73 74
30 3 73 73

49 8 99 33
1 12 49 60

24 4 76 93
74 55 76 84

26 6 29 14
32 19 89 68

14 87 64 93
46 13 96 95

46 49 48 55
68 9 99 24

55 22 96 80
31 6 36 12

12 26 62 46
46 18 53 68

62 7 63 8
12 12 20 55

10 61 66 66
22 26 78 42

22 48 77 60
10 25 54 72

19 24 50 71
41 58 96 92

0 17 5 18
72 29 73 39

84 14 90 57
12 42 51 93

25 2 41 36
27 19 48 61

29 26 84 95
26 31 40 36

7 0 92 64
80 3 81 16

12 35 71 83
63 29 76 41

69 69 84 77
63 40 90 92

36 18 74 52
7 35 76 68

14 32 35 46
16 15 88 39

52 27 98 68
8 9 26 95

38 17 92 55
28 48 57 54

18 7 93 69
77 89 94 91

22 90 82 98
5 14 62 90

3 29 69 82
77 70 91 76

29 9 93 77
3 64 25 96

23 18 96 73
7 51 17 65

7 43 81 50
12 15 92 58

40 90 61 96
24 12 84 13

70 73 90 75
39 21 67 63

14 37 91 83
54 32 99 35

37 73 61 76
81 40 86 94

26 62 88 84
64 34 97 76

39 6 51 59
33 8 42 70

7 75 24 91
61 60 78 74

15 47 36 48
74 42 87 52


46 73 89 88
43 48 74 99

2 15 39 26
70 37 86 89

36 48 74 86
28 1 75 2

7 46 68 83
11 50 76 57

24 40 65 97
19 22 45 91

36 6 69 89
56 44 79 82

15 43 82 83
10 18 36 97

4 15 43 53
56 37 71 72

21 51 32 77
20 2 66 25

15 61 89 97
46 13 57 80

39 49 63 56
54 3 99 19

25 21 49 70
81 10 94 13

15 16 39 81
59 35 94 48

48 7 61 46
5 20 78 44

29 46 41 92
65 47 83 84

17 23 90 57
11 78 19 88

5 11 58 17
46 12 51 18

64 52 95 71
42 35 43 97

43 7 72 27
26 3 60 44

1 6 43 26
15 36 21 79

47 23 72 49
45 87 67 92

10 45 83 77
42 12 53 26

37 33 91 49
17 12 77 52


5 50 84 97
51 43 84 86

40 47 94 63
27 25 34 71

59 39 70 72
77 19 88 51

8 23 73 58
7 36 31 80

43 47 77 87
13 7 82 33

22 6 49 56
32 47 76 79

43 31 51 86
28 51 90 88

63 46 74 95
26 77 33 83

55 24 70 68
4 27 9 78

34 34 58 35
18 34 65 61

69 92 72 97
14 30 95 38

70 55 84 77
60 32 63 70

8 39 83 87
18 66 66 76



43 1 63 26
4 39 85 48

87 12 94 26
6 40 44 58

4 19 49 81
53 58 64 75

44 64 46 68
30 36 73 65

18 14 26 82
4 21 62 98

2 8 99 62
2 18 44 93

58 12 99 64
16 60 22 87

3 80 68 93
86 12 98 81

16 20 95 46
10 12 67 70

66 62 84 72
39 7 90 97

42 9 71 10
45 66 49 70

3 38 52 59
1 2 41 17

48 50 88 90
12 14 67 34

86 36 97 48
29 23 56 85

79 25 95 33
44 48 55 91

2 11 58 87
41 81 95 84

71 57 90 86
1 32 83 43


1 56 28 97
84 94 99 97

2 6 84 97
78 33 87 68

58 77 72 93
21 26 73 64

65 17 98 37
4 0 32 5

57 45 61 54
8 10 52 39

88 60 97 66
84 86 93 94

64 40 65 90
37 7 66 54

44 21 64 23
23 78 76 89

33 86 80 89
78 25 85 51

11 44 75 60
30 6 57 74


60 2 68 96
80 16 84 38

13 50 24 57
2 28 61 30


73 11 95 84
22 17 97 92

34 13 94 70
3 39 27 92

28 43 48 82
9 12 23 34

54 15 95 97
55 50 71 98

44 61 83 93
6 10 57 43

24 14 52 79
5 7 27 72

53 63 67 90
54 85 90 97

9 34 12 64
36 32 85 66

68 25 79 26
36 20 85 90

12 69 34 92
39 51 93 93

41 2 60 8
5 39 48 57

26 57 69 73
11 31 91 42


15 54 19 65
13 25 16 99

10 28 59 58
19 67 64 86

40 8 45 43
37 39 83 53

5 14 47 61
11 87 76 91

31 96 52 97
49 21 68 30

1 25 8 40
7 11 21 66

6 75 99 82
44 1 66 88

1 42 14 67
13 85 54 96

6 27 82 92
13 9 83 92

15 17 50 88
9 9 80 54

38 34 81 43
31 14 48 88

33 56 55 98
10 68 93 94

27 11 38 47
3 55 57 70

7 16 24 58
4 77 65 94

21 29 46 46
4 12 69 37

20 35 24 86
13 41 81 55

19 23 54 52
7 45 11 70

4 39 31 87
16 67 69 81

62 66 89 94
78 8 83 83

71 12 99 94
1 24 52 53

56 19 57 99
44 47 64 90

48 34 81 69
68 39 97 89

55 66 82 85
33 26 68 32

72 44 91 97
50 20 74 82

8 24 71 53
15 16 43 72

24 37 58 74
26 61 78 65

50 15 81 79
5 14 70 99

77 51 96 58
30 59 99 85

1 35 39 68
34 11 59 36

18 37 74 96
0 9 2 34

4 1 88 26
0 40 93 71

49 48 50 74
12 59 32 85

3 37 94 54
6 24 90 48

16 17 37 72
34 51 91 95

4 68 22 74
4 5 66 91

65 1 69 5
29 32 64 87

11 17 41 70
70 0 83 93

17 51 60 69
51 26 72 99

73 32 76 94
85 38 91 60

2 14 43 84
1 16 8 71

38 77 94 88
61 21 81 29


74 31 96 88
59 0 69 13

14 72 64 97
15 61 66 95

4 65 83 91
16 67 20 86

11 21 71 45
49 31 82 44

23 34 27 71
48 12 71 99

38 5 97 37
32 19 63 67

10 84 68 85
23 3 30 53

24 69 34 99
25 48 95 52

22 22 23 34
34 34 46 84

71 42 83 98
9 17 56 24

19 1 54 60
16 7 78 64

6 66 40 85
37 27 53 66

12 49 53 59
35 70 87 95

37 15 59 20
37 39 98 69

51 22 92 23
30 38 67 60

76 41 88 78
13 20 44 26

69 36 97 37
4 58 84 63

22 30 78 72
21 12 68 94

17 34 73 92
24 52 99 87

0 66 30 80
27 24 52 44

21 13 81 77
17 39 71 93

2 64 23 70
45 18 58 82

27 26 68 62
15 45 92 65

45 11 97 72
7 49 49 70

40 57 62 99
85 49 92 87

13 57 16 61
39 31 71 50

7 52 93 76
41 6 60 97

60 39 90 78
67 7 79 61

60 16 93 79
53 21 65 66

76 1 78 82
65 51 67 75

10 71 79 79
72 62 76 77

7 1 88 7
39 14 62 32

30 11 75 80
30 1 48 26

6 25 83 80
0 0 31 62

31 33 63 35
7 47 62 98

22 54 99 61
14 41 20 93

3 21 57 51
22 29 39 97

9 22 57 57
75 56 93 71

5 66 6 91
19 13 89 93

41 6 68 7
40 43 52 48

9 46 69 48
76 0 91 45

67 9 85 78
42 1 80 34

26 9 37 67
32 2 67 8

9 67 52 93
15 22 61 88

35 27 36 70
11 79 67 96

86 27 88 81
61 6 69 82

1 15 39 59
33 67 70 86

79 79 87 92
2 14 67 39

2 13 36 18
3 62 98 89

38 7 89 22
2 66 4 94

57 53 81 91
51 77 72 82

8 62 59 74
75 30 88 53

23 79 24 95
57 12 73 21

43 1 98 19
0 57 85 95

19 22 48 48
20 5 77 32

79 61 85 94
20 43 99 96

38 48 74 76
48 46 97 60

31 92 92 99
46 40 69 50

50 62 94 67
19 13 28 51

97 26 99 71
69 67 96 70

8 8 43 70
82 54 92 85

54 35 66 77
0 47 79 75

30 10 89 66
9 23 17 60

14 62 50 83
50 31 71 84

46 38 55 39
89 55 94 75

0 52 5 90
17 51 84 66

59 68 69 76
38 4 52 80

54 25 63 66
3 11 65 57

58 2 96 47
29 3 42 94

34 19 45 47
15 37 50 74

20 58 66 94
18 63 26 72

81 6 89 49
58 70 84 94

7 1 72 94
49 88 53 96

94 59 95 61
45 17 96 87

62 28 81 32
59 0 91 56

6 7 24 9
16 23 77 55

1 54 49 77
73 42 98 45

1 58 68 65
46 64 50 83

11 39 79 97
53 30 54 39

11 28 98 91
27 3 47 28

48 35 80 99
5 25 29 96

31 33 54 91
26 32 52 97

89 23 94 95
0 11 14 25

13 40 17 91
16 21 47 64

56 37 79 63
37 20 59 62

5 53 14 66
51 50 83 72

73 67 97 97
40 5 93 61

4 78 62 97
3 35 18 42

26 64 58 72
17 83 86 84

90 2 92 75
52 48 93 90

67 40 78 70
12 74 53 75

9 13 72 52
43 21 47 48

5 22 72 37
22 50 58 58

60 57 64 78
64 42 78 99

39 58 45 64
39 54 44 84

12 7 37 19
67 28 84 41

66 49 91 63
21 4 40 52

30 61 33 98
8 5 60 92

52 15 57 48
0 2 96 60

21 25 89 67
40 31 96 66

62 2 81 81
3 6 85 88

15 75 19 86
31 32 79 35


12 0 60 14
8 22 32 84

13 24 17 68
2 57 82 69

43 37 53 96
22 10 80 72

56 80 80 95
40 7 95 21

4 7 87 65
19 85 43 87

60 14 64 53
10 52 46 83

6 80 31 89
12 91 61 92

38 17 70 25
30 24 46 34

31 57 86 99
27 42 87 87

51 49 96 54
58 1 89 64

21 45 42 85
56 26 88 29

26 8 54 43
53 39 67 42

50 77 94 96
33 17 91 84

23 85 87 97
12 62 39 85

33 70 59 89
0 15 99 77

10 59 54 85
27 50 29 80

47 6 73 9
78 42 90 77

1 66 28 74
19 51 88 52

22 42 99 98
9 28 22 75

20 40 60 49
40 13 90 81

89 20 91 79
21 8 62 75

35 13 42 41
23 66 92 75

60 40 66 73
49 21 69 89


15 37 39 72
1 12 81 96

5 9 16 91
27 64 97 66

87 56 92 57
77 54 93 98

38 8 89 42
62 35 75 77

7 66 14 67
30 8 40 15

25 52 35 85
4 1 70 92

57 49 62 55
35 62 99 73

70 3 89 67
2 63 97 80

62 30 99 54
29 15 98 65

67 50 75 79
51 52 89 71

8 59 72 95
72 21 73 61

43 16 88 92
43 5 96 55

47 11 86 77
26 11 36 42

44 35 45 90
47 39 62 55


12 55 87 60
36 12 67 83

5 41 24 60
50 52 54 96

43 45 98 83
22 53 57 91

56 2 72 96
73 16 80 92

28 0 61 97
12 1 95 80

41 42 88 91
47 46 95 87

70 47 90 91
44 16 96 90

52 13 92 32
66 77 81 79

9 56 77 76
8 30 41 57

1 21 52 49
60 41 99 95

38 26 82 88
30 39 35 42

7 41 23 72
1 20 40 49

48 6 78 71
8 1 15 10

19 11 22 18
6 16 34 59

96 83 99 94
30 5 89 23

47 46 96 89
18 38 48 78

18 26 96 49
3 83 64 88

77 12 99 54
57 6 65 80


11 1 50 11
20 38 92 41

40 16 43 56
57 75 98 92

56 39 98 66
63 72 72 80

47 63 61 79
78 27 83 41


12 39 41 74
66 67 69 77

58 43 64 79
30 12 67 77

43 59 81 92
20 0 27 64

1 26 5 70
4 43 65 97

17 37 29 50
35 51 56 80

14 31 75 45
43 24 95 74

19 17 38 35
35 82 39 92

4 70 93 97
21 3 65 46

35 53 83 70
85 22 91 58

5 55 61 56
29 32 52 90

48 39 67 60
54 47 94 83

5 71 50 96
43 6 71 74

78 22 80 76
17 78 50 80

7 59 35 86
16 2 18 17

62 56 85 92
8 58 92 91

88 29 97 68
56 13 83 74

3 5 88 35
5 13 15 36

2 19 74 72
74 30 93 36

44 22 88 96
14 54 36 86

36 6 54 89
33 2 92 32

36 89 38 93
5 6 77 8

52 27 79 97
5 27 15 94

2 48 59 90
68 34 97 74

33 63 40 77
17 9 73 61

7 13 50 55
13 32 28 73

52 29 92 50
8 78 67 96

10 26 86 30
12 4 35 68

19 45 53 78
6 44 37 92

57 9 99 37
12 57 82 69

34 53 98 59
55 32 58 69

58 29 93 51
8 76 71 97

27 6 95 64
1 10 50 61

49 14 70 47
53 39 68 71

18 77 30 93
25 30 37 98

35 6 49 59
9 34 57 37

4 1 41 57
14 20 91 93

67 7 85 38
30 6 88 29

12 49 22 83
33 35 99 79

83 92 91 93
0 29 28 56

21 13 83 64
33 34 97 57

53 24 64 41
46 47 54 58

28 28 83 59
16 15 39 51

8 82 82 96
25 9 88 38

3 10 60 74
83 42 89 44

21 35 48 46
34 3 75 5

17 83 64 86
55 37 98 89

7 71 33 95
11 23 61 57

65 6 83 85
66 48 82 66

3 13 83 78
17 33 70 87

17 73 86 94
15 74 62 83

7 11 48 22
68 85 79 86

14 80 72 91
54 9 91 99

12 39 74 44
34 20 72 83

8 9 41 14
22 22 50 83

5 25 57 33
36 2 72 63

44 50 54 83
46 59 82 72

46 68 98 80
51 0 70 64

11 34 67 73
17 56 56 74


21 60 40 67
19 20 74 91

17 39 60 52
4 55 63 75

28 9 71 40
17 3 37 66

59 57 70 73
14 5 84 83

43 24 54 80
14 0 68 31

4 23 28 43
9 18 78 32

59 73 79 96
91 8 97 51

8 34 61 98
17 29 23 55

13 10 80 27
48 11 62 28

67 23 86 76
16 8 42 75

73 22 81 23
25 31 74 86

35 10 65 84
34 39 40 47

49 27 72 72
12 52 90 79

75 55 76 92
15 20 69 43

43 65 97 74
48 57 70 60

65 0 97 67
6 61 37 99

8 20 78 33
68 44 85 51

12 82 58 89
9 22 73 25

4 26 42 96
57 8 91 83

2 8 54 43
9 4 60 17

38 59 89 89
26 3 40 38

44 20 98 23
45 10 53 46

40 31 42 36
51 5 72 91

52 0 74 35
12 2 56 4

93 23 97 61
17 14 85 35

34 59 61 67
5 72 32 77

65 51 99 55
37 8 46 64

9 62 98 99
4 15 17 17

30 87 49 90
4 61 47 74

33 23 39 80
9 42 90 95

2 64 74 93
1 28 48 99

27 13 62 32
30 33 83 99


32 60 53 74
7 16 62 89


12 9 74 96
4 17 8 81

50 48 53 78
51 83 99 85

57 58 97 71
56 60 74 65

36 26 65 51
39 11 98 28

65 59 90 69
40 52 50 87

17 0 45 44
37 25 68 80

34 49 38 90
9 7 64 52

27 3 86 25
77 42 84 88

26 11 47 76
39 29 50 84

19 81 81 88
19 5 61 65

14 15 99 96
55 3 76 68

23 70 93 80
7 12 21 33

20 60 76 62
43 44 78 98

24 86 77 95
3 1 38 89

49 5 70 46
4 1 25 98

48 8 81 20
2 23 33 41

3 35 9 87
31 23 46 85

9 18 23 99
19 89 27 97

20 25 46 95
71 71 96 75

47 32 77 79
73 7 80 41

42 29 76 75
66 34 73 98

68 34 90 69
40 18 75 60

65 37 73 96
61 67 64 90

12 74 47 92
20 34 81 48

15 1 75 75
25 23 81 87

21 34 94 44
14 21 48 46

79 17 84 92
48 35 85 60

9 5 84 56
39 56 43 70

6 23 32 39
11 3 57 63

59 33 84 89
26 54 36 57

20 50 72 68
9 45 37 81

86 1 98 93
9 64 77 83

39 22 41 51
37 54 50 87

96 20 97 75
26 32 32 52

34 59 50 72
53 56 71 70

9 15 91 68
19 51 79 60

26 21 71 63
63 8 70 12

66 87 80 98
7 2 72 57

6 69 74 78
25 0 80 71



84 68 89 91
22 1 61 19

22 28 48 49
49 52 99 86

17 16 96 92
11 13 91 86

45 49 77 50
51 19 81 66

39 9 40 53
10 9 61 73

22 32 32 90
24 70 94 93

63 9 90 81
26 23 95 46

24 6 48 72
0 24 43 92

33 95 82 98
71 4 96 80

45 64 94 69
35 30 88 62

71 12 98 76
10 43 18 99

23 1 59 59
25 3 66 48

1 6 10 43
24 70 99 87

46 39 51 86
38 17 54 88

77 64 81 96
15 39 91 50

38 4 40 61
17 4 65 27

18 43 99 86
51 13 73 97

4 15 76 83
52 3 58 36

20 25 33 32
23 26 35 75

15 32 89 82
6 11 87 24

38 67 97 89
22 38 32 51

37 66 74 95
21 60 26 83

15 29 93 37
64 5 90 55

53 59 89 89
28 36 53 67

3 8 50 25
47 25 88 76

21 47 42 72
15 9 56 59

23 66 96 90
61 23 97 66

13 15 86 26
62 34 66 68

17 5 42 93
41 62 69 82

7 31 63 62
15 90 73 92

70 56 82 83
79 17 80 49

27 32 45 63
66 31 89 59

9 2 77 16
98 17 99 62

58 45 79 73
4 26 37 63

19 9 20 50
11 67 52 97

0 60 38 80
18 39 43 79

7 71 20 82
6 16 99 85


22 25 73 88
7 72 33 74

34 52 59 78
29 2 43 9

50 9 91 73
42 25 58 72


85 22 94 28
44 4 96 52

56 11 82 34
43 1 51 65

35 29 38 62
40 36 96 54

7 27 13 43
37 31 40 72

77 11 94 22
15 24 90 26

60 22 71 35
1 76 55 90

38 40 91 72
26 76 78 85

72 28 91 64
36 11 64 42

23 64 82 72
38 62 42 96

54 9 84 36
12 28 37 52

3 33 24 68
2 71 97 93

35 73 69 85
24 6 84 27

43 31 59 50
27 12 37 43

48 52 63 53
5 16 61 81

1 49 81 83
20 19 98 28

1 5 56 80
84 45 85 86

17 69 80 95
59 12 97 13

59 65 66 72
23 56 98 88

38 50 99 91
19 21 58 66

20 46 78 57
63 54 85 95

1 3 54 16
29 16 60 20

33 22 47 92
31 30 33 78

69 32 71 81
54 48 88 60

32 47 46 70
24 38 83 94

11 38 26 41
9 40 40 58

3 62 42 73
36 56 93 59

62 3 88 40
40 15 42 27

85 70 87 74
62 60 69 88

54 26 80 72
37 6 63 64

79 31 92 80
72 39 87 86

28 22 31 41
57 11 72 49

24 56 94 81
45 77 94 96

23 1 48 63
12 4 66 21

45 17 53 84
75 3 92 20

6 78 97 95
44 0 54 89

20 57 23 65
17 17 53 42

28 40 96 80
2 59 62 96

7 76 32 99
7 14 31 72

28 34 67 92
34 35 63 84

44 1 57 26
49 78 96 95

75 54 92 70
19 13 29 36

41 59 51 88
12 53 24 73

17 39 31 94
26 60 51 78

32 20 70 38
28 20 33 50


32 8 67 54
27 13 31 62

44 48 53 56
79 8 87 50

19 22 99 47
24 19 32 93

45 84 96 88
36 20 63 83

37 13 82 28
16 12 42 75

47 12 83 26
70 28 73 89

2 4 72 88
7 23 26 98

4 40 34 63
97 12 98 31

35 3 93 96
71 15 87 34

28 12 54 77
1 18 93 73

7 22 95 29
27 71 66 97

12 10 61 63
10 45 76 93

21 0 89 8
12 19 67 94

6 48 47 96
14 47 51 73

55 21 73 40
70 63 82 96

26 58 82 92
52 75 54 89

41 35 89 54
8 56 29 73

21 4 88 91
30 61 87 90

11 19 85 53
16 15 33 67

26 59 42 97
48 24 78 71

12 25 89 98
50 33 93 54

10 25 71 59
15 29 92 72

25 12 79 49
16 80 41 83

39 32 42 72
9 44 40 81


48 6 73 40
30 19 40 70

55 48 71 84
16 34 39 84

55 6 68 47
2 81 77 98

12 48 24 65
13 95 98 98

38 30 54 38
60 50 84 92


15 22 93 57
70 73 90 94

2 0 38 94
3 93 89 98

89 23 95 80
1 24 25 37

11 12 64 13
21 23 41 86

32 8 88 58
22 4 33 76

71 74 98 77
27 19 40 35

43 22 68 67
68 59 91 80

8 45 71 49
20 80 92 87

47 26 52 91
81 3 95 4

32 34 94 79
11 21 50 32

89 54 93 62
32 40 65 94

36 41 39 80
28 12 60 64

3 9 28 43
98 13 99 45

44 31 82 93
52 40 95 77

31 2 93 26
48 66 96 84

60 0 88 16
29 64 88 68

59 35 84 77
43 39 57 80

39 85 63 86
16 27 62 61

46 39 81 94
58 70 82 79

18 58 95 70
76 27 86 61

46 55 56 96
29 91 99 95

32 29 92 60
8 22 94 92

13 24 42 87
66 46 71 89

13 48 68 90
54 3 75 52

31 8 51 83
55 26 80 73


65 44 73 82
28 86 31 96

34 2 96 38
41 44 61 55

15 25 93 27
5 50 22 61

36 46 61 77
24 20 47 35

17 17 41 72
3 21 97 45


21 43 26 71
31 44 74 56

10 21 55 57
8 30 31 73

77 74 99 97
18 19 54 43

19 31 78 97
73 77 95 95

0 5 21 90
74 1 99 36

54 46 75 85
76 58 83 61

56 29 75 87
26 4 59 24

30 3 73 35
64 42 68 50

17 47 93 91
0 28 92 46

74 59 75 83
2 29 94 72

2 10 59 28
70 0 86 33

20 56 59 79
58 21 85 54

20 45 51 95
21 93 25 96

51 5 77 7
71 34 79 73

91 13 96 53
82 14 86 93

22 73 59 96
46 32 80 50


48 73 50 82
68 70 79 98

51 36 65 47
50 49 90 93

18 52 72 97
47 36 64 83

16 67 94 75
16 91 89 96

64 43 78 64
14 11 46 66

2 7 17 11
4 8 56 76

5 80 74 90
52 74 69 99

1 18 37 78
14 33 17 69

85 77 92 91
43 2 51 68

65 1 97 76
21 29 36 47

9 38 42 46
30 45 64 67

64 35 65 45
30 68 66 75

3 54 97 66
20 23 92 89

38 11 51 42
71 59 87 81

33 28 49 63
13 30 25 83

28 17 89 72
38 47 47 50

13 57 35 80
32 21 85 23

64 22 83 35
35 4 94 68

32 8 43 84
57 38 67 99

8 23 47 94
46 33 70 97

6 13 35 20
38 21 87 44

51 38 79 43
25 20 99 59

31 28 43 41
10 57 18 92

15 4 26 72
1 20 85 58

7 92 71 97
10 18 36 61

13 52 67 92
11 12 65 96

54 16 92 89
11 73 81 89

29 14 48 33
72 5 82 41

95 6 98 38
8 6 86 67

22 87 71 98
63 35 82 88

7 4 77 18
30 59 58 60

59 42 74 92
46 41 50 83

0 38 22 47
30 4 67 44

38 21 43 43
31 61 58 65



9 41 59 62
7 14 76 98

2 12 93 87
24 29 49 84

65 3 67 15
13 22 32 35

24 55 54 78
17 54 61 72

17 2 26 13
63 68 76 78

56 81 57 90
57 18 71 24

37 2 73 91
5 12 13 90

45 2 89 42
14 40 97 74


14 28 19 94
12 52 85 74

43 29 85 42
8 50 19 54

16 31 49 52
79 23 98 64

19 58 66 74
29 0 82 87

33 28 48 33
32 60 45 82

27 76 89 87
60 28 83 37

32 11 42 30
35 46 73 92

4 18 53 34
5 34 38 86

14 35 38 71
31 69 98 77

46 64 72 84
29 13 54 65

48 21 76 95
41 16 63 65

83 35 97 50
36 73 89 79

2 0 44 15
28 52 36 77

82 37 94 63
0 28 54 48

23 69 30 94
16 13 86 62

65 0 69 10
1 4 73 42

57 56 70 98
86 2 93 28

80 43 91 80
45 28 72 80

47 64 49 74
35 56 36 77

1 55 30 67
9 25 55 59

18 63 67 75
53 43 78 85

21 65 87 67
11 58 45 95

46 22 69 33
52 59 57 90

9 14 34 89
25 40 70 67

42 55 92 98
51 83 72 94

1 1 38 61
8 11 46 45

29 78 86 86
20 24 38 97

11 13 81 51
80 33 88 43

75 83 99 99
50 40 66 93

6 66 67 93
4 43 14 63

41 80 90 82
14 4 79 95

43 31 70 99
2 16 94 29

45 29 99 47
22 85 66 87

29 3 32 95
37 79 66 91

60 60 73 74
16 21 52 95

38 41 72 79
67 12 95 70

47 60 51 65
74 50 99 55

6 2 32 21
72 0 93 32

12 58 66 71
32 18 81 19

4 12 97 23
35 36 45 44

48 9 86 12
11 31 99 67

17 4 70 90
15 34 57 74

69 2 85 57
17 22 75 73

25 22 86 49
21 8 37 66

75 20 85 84
38 56 40 68

24 77 62 98
72 3 81 63

9 5 20 78
79 4 96 73

53 87 66 95
13 47 90 75

20 11 40 78
31 34 60 74

32 3 56 37
57 40 67 66

87 35 98 97
1 60 77 95

7 83 54 96
20 60 82 71

2 14 34 39
25 22 66 88

10 11 92 67
11 50 52 85

2 79 34 86
35 41 98 75

6 26 10 37
60 39 92 47

78 13 95 61
50 35 55 65

46 5 94 84
50 52 70 55

4 84 93 92
11 85 92 98

23 17 73 76
15 30 83 64

45 1 78 43
28 18 30 74

3 31 77 79
25 32 86 81

32 73 68 76
59 26 79 52

2 17 34 21
18 0 86 15

43 16 64 44
74 3 87 70

1 15 90 82
39 71 66 96

22 65 86 99
25 67 33 69

28 36 91 98
29 13 36 93

32 58 82 89
21 11 59 61

60 51 95 78
14 0 74 23

48 18 74 33
0 52 87 80

30 11 89 78
43 56 77 61

45 19 77 98
56 9 80 16

28 42 39 68
43 14 66 42


27 71 41 94
23 32 50 52

48 4 52 51
12 12 84 73

41 18 52 54
36 5 97 84

9 9 84 75
24 30 37 92

4 1 38 79
34 31 88 36

38 74 82 93
47 51 66 87


27 61 90 79
4 8 53 9

11 32 91 39
70 20 97 87

5 52 13 61
48 38 79 55

24 84 42 85
38 23 81 84

46 2 65 69
51 29 64 95

27 27 68 76
91 63 99 96

13 0 76 44
55 71 77 83

31 12 68 55
58 24 92 88

42 41 90 45
6 33 27 88

15 9 47 38
24 80 67 86

1 30 86 76
41 1 59 24

56 89 80 90
48 14 77 90

12 26 19 32
39 11 72 86

40 7 73 77
63 39 97 50

15 43 50 80
27 20 33 59

9 49 90 90
64 5 86 81

28 19 65 83
37 5 47 77

20 17 34 36
75 0 98 20

52 18 91 95
15 28 86 77

26 62 76 70
3 20 42 70

55 58 68 89
2 22 47 87

24 83 33 92
64 35 99 42

16 54 83 60
89 27 98 82

53 10 68 89
56 33 61 77

17 71 74 87
26 7 73 94

2 2 38 42
2 70 78 96

57 11 61 25
59 38 98 66

12 21 80 29
41 10 62 50

88 62 89 82
15 18 28 21

63 20 66 72
68 54 93 90

67 28 77 66
27 39 56 94

23 12 36 78
14 26 37 40

3 40 22 71
2 41 61 68

65 40 76 70
33 24 83 63

42 77 50 91
37 69 99 87

61 17 81 98
48 3 58 76

16 35 32 74
15 6 29 55

80 28 96 66
4 29 79 81

24 59 47 98
28 22 61 85

55 9 61 73
13 13 49 97

66 32 87 95
40 53 55 87

81 5 88 67
38 48 86 85

59 24 62 35
20 46 87 49

27 40 71 58
21 38 23 39

22 18 63 86
40 50 62 57

15 11 73 69
53 16 70 96

29 17 31 40
4 18 38 31

10 24 76 31
0 22 14 63

8 33 36 99
42 1 48 74

57 63 71 85
41 22 82 79


29 54 38 90
43 53 76 79


45 5 55 48
79 44 84 70


42 51 52 95
19 4 56 26

9 79 46 89
49 21 93 48

46 25 78 48
62 21 70 69

39 8 84 37
25 66 62 69

20 13 21 39
77 24 92 95

1 46 36 55
28 31 85 94

6 8 94 20
30 49 64 89

21 36 26 57
4 2 78 24

16 15 99 29
8 5 10 61

46 7 60 84
40 46 53 67

47 63 76 66
6 12 7 79

21 15 85 89
0 51 18 65

80 32 86 94
37 7 90 89

14 25 49 41
67 66 92 87

53 26 68 29
12 6 94 98

21 67 67 87
53 71 91 77

55 23 85 28
30 17 45 94

42 15 96 88
34 55 75 81

63 33 81 93
39 76 57 91

13 56 31 96
67 21 84 86

9 49 22 67
66 14 92 40

2 47 60 56
29 10 89 54

4 4 87 13
47 90 79 92

78 0 86 14
53 27 86 36

48 40 85 47
4 16 13 32

67 63 88 96
30 34 69 59

15 36 57 48
38 80 62 93

76 7 80 81
43 15 67 60

7 7 81 85
39 39 72 53

69 10 80 88
38 95 47 96

44 24 62 31
11 17 34 62

44 43 77 63
4 53 72 78

37 36 63 90
44 8 76 75

13 3 63 18
10 24 15 99

11 49 82 98
18 60 94 90

47 20 56 53
60 23 83 25

16 48 20 59
12 57 87 77

27 13 50 80
31 6 94 37

14 56 38 60
9 50 68 56

3 36 24 76
2 58 86 60

70 6 71 34
15 61 58 63


3 1 54 63
51 48 72 71

6 44 48 85
2 2 97 24

20 31 60 58
21 71 76 92

16 8 18 43
33 84 56 87

59 2 85 31
74 32 88 46

69 76 74 90
18 38 44 52

57 69 62 85
35 51 61 56

31 47 64 65
20 4 31 32

7 9 69 15
47 55 81 56

16 34 98 83
87 25 95 52

49 84 94 89
8 87 45 91

34 8 61 34
13 39 18 66

72 0 81 5
56 60 81 97

7 2 95 84
9 6 34 83

55 19 95 63
58 53 92 55

15 15 45 39
5 0 28 54

39 5 54 20
17 69 63 70

53 24 64 98
14 22 82 33

29 21 52 85
11 26 92 56

60 71 66 88
23 41 77 62

83 34 98 98
4 32 68 68

9 76 44 83
16 55 26 98

21 28 35 84
55 40 80 92

63 28 73 96
21 59 92 75

20 74 45 88
49 59 94 72

7 69 91 87
24 77 85 97

5 52 20 81
12 85 73 92

73 80 88 82
93 7 94 66

33 6 38 40
31 51 80 71


27 0 92 39
65 53 92 77

11 12 65 85
4 30 93 94

26 6 37 86
37 6 68 29

22 2 27 21
32 50 43 70

25 62 50 90
39 12 94 96

50 6 81 24
26 52 54 53



62 43 95 57
39 69 86 88

72 46 93 99
98 4 99 43

67 6 89 70
28 26 60 79

36 47 71 90
49 11 75 47

42 8 70 68
33 6 89 96

34 34 94 57
13 29 44 34

80 4 87 93
16 72 82 87

14 71 70 86
86 11 89 83

3 19 28 62
67 20 93 79

29 6 61 13
42 22 94 92

34 2 48 67
40 41 82 52

6 24 28 96
14 7 59 94

14 8 79 59
28 39 46 60

4 18 9 51
10 26 51 85

10 39 93 92
80 44 85 92

20 40 60 74
31 21 47 46

26 5 29 25
44 19 58 85

1 52 55 71
65 37 97 75

28 28 42 67
8 69 63 72

12 19 36 95
11 38 68 65

23 8 98 15
19 20 52 27

7 24 98 72
47 90 61 99

18 50 89 70
33 19 42 21

6 17 66 41
58 7 87 85

22 53 81 93
20 33 74 73

19 18 98 57
8 1 59 60

30 51 78 64
22 30 24 85

78 27 88 48
37 12 55 70

5 56 30 75
26 90 49 97


58 2 62 35
40 25 84 65

65 52 70 59
65 3 73 30

5 48 70 59
1 57 6 97

1 61 65 68
79 3 93 51

6 26 42 90
8 51 98 68

4 28 73 46
10 1 69 91

15 40 61 74
14 31 89 67

54 28 99 99
32 21 79 55

38 36 45 47
51 56 53 79

55 76 84 77
79 62 94 67

59 6 92 88
19 55 49 74

54 2 71 7
14 75 38 76

11 17 22 64
21 80 25 96

25 52 57 56
4 66 76 96

35 36 54 55
25 44 81 96

35 26 51 50
25 2 65 28

0 25 19 45
41 6 92 49

14 23 19 53
19 72 90 78

25 14 79 51
10 47 60 99

50 73 61 78
28 7 75 75

47 1 52 91
46 40 59 65

25 40 46 68
12 43 17 46

12 3 91 46
23 36 45 51

24 15 47 75
4 50 74 51

3 24 26 42
14 40 35 41

81 8 82 50
6 90 46 93

70 45 91 93
44 34 89 36

1 11 21 25
14 29 75 53

23 78 69 84
10 24 71 43

53 0 84 94
39 64 42 90

31 10 35 72
80 8 96 53

72 30 97 72
11 7 38 25

55 43 87 97
27 32 67 93

3 32 87 45
74 9 78 62

10 42 72 81
20 17 42 47

66 56 77 89
41 15 66 28

22 1 59 25
18 33 26 82

18 36 57 79
41 6 44 97

31 48 65 85
25 2 47 43

77 18 91 99
10 32 14 46

23 52 73 85
18 34 94 51

65 33 88 39
7 24 89 39

20 10 40 97
12 16 39 40

39 18 56 34
5 2 80 31

56 50 87 83
57 46 69 53

34 31 45 93
22 6 34 18

14 3 28 54
43 0 92 70

5 18 34 91
20 22 37 93

7 17 57 95
26 13 49 63

46 58 94 80
68 35 76 86

56 1 89 89
11 53 84 70

68 6 72 13
36 4 44 51

47 21 93 72
36 37 48 94

82 2 95 74
24 32 60 37

1 37 78 85
39 7 90 10

20 7 63 68
8 11 20 54

19 19 84 78
15 13 20 54

62 9 87 38
98 0 99 23

8 37 29 71
47 10 96 81

16 70 50 77
22 31 81 93

9 12 18 90
25 45 76 90

6 29 64 63
4 15 52 85

12 12 52 56
0 22 38 68

40 45 92 62
26 55 28 96

37 65 67 86
31 8 44 56

37 23 89 46
38 31 89 53

42 42 88 65
40 18 78 62

8 10 84 80
36 6 87 26

6 50 93 91
47 10 76 66

84 12 85 25
23 17 95 31

83 11 96 61
36 21 73 31

11 22 33 83
42 48 50 56

39 15 87 58
39 33 68 75

53 28 97 53
84 76 93 97

60 17 80 90
21 19 34 90

73 35 85 41
67 44 89 54

2 70 81 72
3 76 71 99

1 57 52 94
36 17 54 22

12 1 15 86
28 20 86 71

14 21 53 58
2 36 55 75

5 28 97 60
1 4 60 54

12 1 61 48
22 70 68 83

8 73 87 84
36 89 56 96


27 42 35 88
87 42 98 51

42 28 60 52
22 4 65 63

30 66 99 77
25 8 55 78

70 56 79 88
8 2 22 96

49 84 96 88
27 7 95 40

69 35 92 86
50 90 67 97

19 16 49 56
44 34 76 76

42 55 46 64
19 3 65 14

15 3 87 62
14 36 95 69

56 6 87 22
6 4 13 7

32 29 72 64
48 5 50 94

21 1 93 58
4 8 40 24

44 58 79 70
26 66 92 94

48 7 69 72
34 14 76 18

0 47 30 48
52 74 81 95

26 66 96 84
53 26 60 97

49 7 92 18
41 41 54 84

9 0 23 57
37 38 67 75

75 38 97 78
33 4 79 5

82 35 88 72
1 84 50 93

91 63 99 92
0 68 45 86


75 59 80 81
38 42 60 65

26 77 89 79
39 39 61 72

5 50 88 83
40 49 69 71

8 13 48 99
5 16 36 85


95 46 99 90
57 14 70 81

10 50 65 64
86 94 87 99

51 60 88 93
28 2 87 79


35 48 39 79
57 62 61 68


21 60 71 99
51 62 78 82

54 52 87 92
41 22 83 81

28 70 61 86
22 0 84 54

24 16 62 80
27 15 94 34

34 2 50 75
37 19 64 36

40 12 77 63
45 34 82 62

6 48 56 80
40 54 54 80

48 25 79 35
21 41 28 78

55 32 68 72
58 43 68 87

6 43 9 99
33 5 51 9

6 81 41 89
12 35 21 43


13 23 30 88
66 42 81 75

25 28 26 37
11 38 95 52

53 65 79 85
21 9 53 75

43 25 78 87
40 39 53 70

62 0 66 11
38 6 81 94

65 76 84 86
76 81 79 84

56 9 66 49
10 83 87 84

40 22 61 80
14 3 61 33

14 57 76 85
4 15 31 69

1 46 15 98
78 30 79 86

32 47 45 85
31 20 42 35

42 15 92 58
4 32 70 43

28 41 36 89
12 10 56 27

57 74 60 87
39 37 56 73

20 74 88 83
3 18 94 47

36 58 85 92
1 24 56 92

65 33 82 94
21 73 96 79

56 18 99 96
44 44 56 85

59 20 64 79
53 41 97 67

77 34 83 91
58 13 79 83

24 59 69 97
32 21 65 76

32 40 47 69
54 7 91 36

13 18 16 27
47 0 65 60

24 55 94 91
4 20 75 80

79 61 96 78
6 34 64 96

4 44 53 88
24 4 58 24

31 58 92 94
30 7 54 58

0 57 50 62
77 37 83 73

14 78 15 86
20 26 74 79

14 24 24 35
80 11 91 83

5 93 11 94
4 1 12 12

54 69 63 83
59 8 98 65

26 0 94 43
22 43 66 80

36 78 56 79
36 15 41 99

8 10 98 93
12 18 94 75

10 53 96 60
55 25 61 34

7 26 21 34
43 31 66 69

74 11 99 62
26 38 40 62

7 1 86 99
54 16 76 69

24 28 75 32
36 66 54 96

27 70 52 74
19 1 43 45

42 8 64 34
22 24 90 77

25 28 81 35
49 3 53 78

24 10 32 13
28 61 38 65

35 51 80 87
30 24 88 97

5 58 53 95
79 24 82 60

4 13 60 48
51 30 54 43

5 73 35 95
33 14 56 90

43 65 77 73
14 71 18 97

7 18 71 50
43 11 90 50

11 15 47 53
59 36 62 50

16 23 31 50
66 16 88 83

33 9 43 61
6 19 48 84

3 22 14 56
85 45 98 58

73 10 96 51
84 53 87 60

18 3 36 58
2 94 71 97

3 4 4 59
61 75 95 76


45 3 67 89
2 54 84 56

11 65 38 92
34 89 59 91

0 75 14 95
71 3 96 46

21 4 86 43
80 35 89 99

77 2 86 70
11 69 79 76

74 9 93 61
2 52 52 66

3 94 47 99
71 44 97 45

40 1 83 15
29 14 36 67

65 89 69 96
32 6 66 65

59 64 78 67
19 36 81 82

19 35 76 42
32 9 73 86

25 24 87 54
39 41 76 74

60 38 63 92
55 41 81 50

70 57 86 67
41 3 91 60

68 2 90 93
22 2 89 47

27 4 28 54
18 30 28 46

36 22 43 25
24 18 91 77

75 36 94 96
51 48 66 86

3 16 41 80
34 15 92 72

13 77 21 83
1 13 75 45

11 54 87 70
12 32 40 58

67 33 80 94
32 25 95 72

4 41 98 42
9 4 38 14


51 52 88 84
16 11 91 58

48 43 57 80
15 2 52 6

71 44 99 62
8 66 59 91

2 21 53 23
4 50 54 95

34 46 55 47
2 4 10 51

68 72 99 83
41 38 67 75

19 0 93 53
30 44 66 85

19 6 20 26
23 73 56 78

43 45 73 76
32 48 83 51

32 76 84 99
51 70 77 89

22 24 90 53
8 38 68 80

40 7 96 63
4 47 32 94

5 45 70 89
45 87 55 92

29 7 68 38
27 29 71 46

53 78 69 99
74 14 89 58

17 29 37 41
50 55 75 89

46 53 86 96
31 13 41 40

30 33 61 72
1 27 57 79

30 57 55 81
15 60 71 95

76 1 85 35
42 42 52 50

28 3 91 12
32 77 95 93

25 34 49 78
9 13 50 57

70 14 91 90
37 23 38 74

14 10 28 18
4 51 70 68

23 15 95 79
70 25 92 95

3 81 93 95
47 5 65 8

17 7 95 75
1 82 33 99

29 17 92 52
37 44 49 55

60 24 70 30
14 7 49 77

4 21 10 54
57 27 59 30

5 34 55 40
6 39 69 88

13 40 56 62
45 5 95 7

17 31 83 87
16 88 32 90


49 3 97 55
42 80 66 95

35 94 50 95
1 52 82 99

36 20 91 82
7 9 72 33

69 25 71 69
32 12 63 88

30 19 91 96
15 28 85 35

2 82 23 85
34 13 76 36

19 84 25 85
43 64 94 69

17 80 39 89
71 44 77 53

20 2 64 5
30 40 31 85

5 22 22 34
8 85 59 99

30 21 84 25
31 48 91 90

79 5 82 81
9 29 25 59

41 24 61 35
27 1 43 10

2 35 32 62
34 48 43 73

18 1 69 51
12 50 41 94

72 0 83 33
8 2 11 63

50 26 72 67
29 31 36 68

3 12 69 94
37 8 94 38

63 9 89 76
11 22 82 54


5 25 83 34
20 41 93 66

12 5 97 86
6 21 95 46

8 18 36 49
71 25 72 66

13 32 46 73
30 73 68 89

65 37 66 59
25 9 60 78


2 38 18 73
42 89 63 91

16 21 76 96
46 21 62 64

29 1 81 41
32 48 58 50

68 51 97 95
43 19 64 97

35 23 58 77
14 2 73 18

31 29 91 98
6 35 20 93

1 59 95 76
78 47 79 59

27 50 55 71
22 20 71 58

32 5 43 88
6 7 10 93

6 22 50 56
68 31 78 43

15 42 19 94
2 76 49 93

9 80 43 99
20 39 65 97

15 3 79 25
10 18 37 87

68 46 93 95
38 76 61 77

9 22 20 58
15 83 74 87

38 24 58 63
10 26 54 73

76 23 85 51
22 7 39 10

6 6 15 76
35 4 44 54

7 64 26 81
51 51 93 64

42 27 80 52
53 72 86 78

29 68 82 95
4 19 57 28

15 12 34 95
51 18 69 29

77 10 82 70
27 28 86 73

53 80 59 97
6 35 59 69

16 56 93 97
26 16 36 41

22 43 63 53
14 43 71 72

6 65 83 92
38 20 62 21

52 18 91 49
40 37 63 56

8 53 45 86
21 3 81 28

33 46 84 50
57 15 71 93

54 7 58 68
49 41 79 92

11 42 83 47
51 3 79 12

9 57 76 98
30 12 78 67

10 21 12 69
63 36 81 87

73 55 95 74
26 9 96 19

8 11 61 56
12 68 92 75

21 3 74 77
4 22 41 68

51 33 92 89
7 32 77 72

28 7 72 50
26 36 76 60

16 0 39 83
75 1 80 3

1 6 32 57
73 24 79 74

16 9 23 30
82 18 93 63

22 68 62 90
0 39 80 79

79 74 97 77
6 31 29 60

40 18 61 34
19 10 44 43

60 6 72 25
6 20 88 76

10 10 44 62
41 53 77 74

27 3 72 79
56 69 86 91

9 55 26 98
18 66 53 93

18 72 90 96
0 16 7 69

78 73 96 84
20 47 37 92

3 23 65 73
14 68 41 95

50 18 75 81
11 10 68 47

29 6 71 88
71 10 74 67

53 25 94 41
31 17 40 48

41 37 95 74
7 57 69 83

71 16 75 92
63 2 86 67

61 9 86 56
35 28 66 40

21 65 60 91
14 9 35 40

66 35 76 98
35 18 55 58

82 20 86 50
1 87 5 88

44 48 66 53
10 22 77 46

63 12 98 65
5 26 98 74


19 20 71 35
23 60 76 94

8 0 19 81
37 3 98 36


0 12 51 83
81 4 85 49

52 24 84 81
36 27 59 30

45 11 79 82
66 70 77 91

23 3 87 13
49 14 93 52

26 31 46 35
37 35 59 64

11 33 21 45
24 15 48 45

4 79 27 81
45 24 50 32

73 74 79 97
64 19 73 27

14 2 42 50
37 18 51 25

0 0 15 10
25 43 39 45

4 50 25 77
27 52 53 82

32 6 33 26
5 77 96 90

27 23 72 44
16 0 62 16


41 18 91 42
77 28 95 70

9 34 49 57
11 47 54 78


17 1 95 5
10 1 65 97


16 87 91 98
27 69 86 76


49 11 74 59
8 12 39 46

0 48 84 69
27 18 30 99

38 16 46 73
77 7 93 94

23 60 73 96
17 14 79 28

25 83 43 91
34 34 55 81

30 19 40 56
7 7 60 89

6 32 46 75
51 26 79 82

31 31 52 39
0 11 53 44

2 27 31 65
8 50 58 99

55 3 90 69
58 10 63 61

16 19 94 36
70 26 73 46

37 9 53 54
21 73 42 98

23 33 77 38
85 28 90 83

52 31 97 60
11 73 93 79

39 13 61 99
84 37 97 91

0 28 34 91
21 2 89 97

18 4 40 30
14 80 82 84

15 81 18 92
60 61 66 99

12 15 79 64
9 53 55 95

8 23 96 29
25 56 38 78

9 0 18 12
75 32 96 93

25 23 63 27
43 22 88 23

0 38 87 61
43 3 95 56

39 29 79 84
5 75 63 86

50 27 72 99
47 10 60 92

71 28 85 86
9 2 59 11

48 72 92 95
80 79 87 98


71 44 97 69
13 6 31 68


32 49 43 83
0 25 13 62

70 42 83 81
17 51 86 66

9 10 72 41
68 9 85 70

13 66 58 67
9 4 27 72

11 76 22 87
1 1 74 57

72 41 95 90
33 7 41 43

13 36 69 50
37 21 45 50

40 16 55 69
19 21 41 30

15 7 60 89
60 86 62 98

56 27 88 41
81 46 86 84

20 44 55 97
18 47 70 73

10 29 16 90
9 11 63 25

18 66 75 89
31 75 65 87

53 28 54 87
40 33 65 47

30 7 37 44
0 33 91 62

23 68 59 91
38 13 55 93

12 55 25 56
30 82 77 95

37 29 76 69
3 29 41 30

33 38 73 86
64 23 71 48

46 36 92 43
47 1 89 24

1 78 56 81
39 12 76 76

4 45 82 57
37 22 86 28

18 8 59 75
9 39 41 50

1 0 94 75
76 24 83 84

5 14 33 72
34 0 78 38

57 36 60 49
16 7 96 72

32 27 34 83
33 42 41 66

41 14 79 94
17 2 19 98

64 10 76 74
26 1 43 55

36 5 89 32
5 39 29 91

61 3 74 66
32 91 60 97

25 6 92 42
4 39 63 45

21 2 71 16
3 71 50 86

28 49 44 70
9 40 61 71

58 26 88 48
42 39 75 67

19 9 45 82
2 74 6 75

30 80 76 91
14 18 31 75

88 4 95 24
1 75 16 89

53 16 74 89
29 0 81 83

44 32 78 83
9 7 51 81

50 13 85 68
17 12 31 95


55 77 97 78
12 19 88 31

14 51 56 59
11 60 75 92

13 30 57 80
75 42 88 59

46 33 59 84
3 46 50 52

5 46 75 83
14 65 87 95

16 7 80 55
51 67 79 93

9 23 47 97
22 9 66 20

77 5 93 32
51 0 95 84

19 65 26 98
33 60 63 65

19 11 80 20
71 4 87 80

28 8 86 77
38 75 46 80

83 7 85 78
36 31 91 62

29 27 63 96
40 25 93 62

34 30 59 36
22 8 93 62

73 19 92 69
30 14 49 94

1 23 35 92
23 38 44 59

17 56 53 98
57 23 70 69

4 51 11 78
4 39 14 77

6 36 8 48
9 2 94 96

47 20 95 44
58 3 70 75

59 73 75 85
48 38 81 54

57 16 60 64
55 29 71 94

15 25 42 66
20 21 37 36

15 38 41 80
51 13 84 27

87 64 95 77
18 15 35 47

75 12 83 99
39 6 58 28

0 31 46 89
5 26 67 34

6 50 98 72
38 29 42 38

77 12 93 67
63 12 82 90

17 8 24 89
70 15 82 34

46 24 68 35
2 2 3 22

46 3 60 52
33 41 84 61

8 26 26 41
38 31 42 59

14 48 73 68
35 34 43 63

10 37 33 51
12 39 73 73

43 56 71 76
69 54 76 69

29 71 47 95
26 51 37 82

2 46 51 51
37 10 86 71

61 9 96 60
86 34 99 57

62 13 94 70
35 12 83 76

71 20 82 35
17 1 49 23

27 9 72 99
9 9 13 32

70 56 92 70
43 37 56 66

70 53 79 59
35 1 66 65

52 8 58 73
70 42 96 61

23 3 60 88
36 50 70 92

72 1 80 24
29 13 67 51

25 5 98 17
12 18 22 71

75 31 91 97
39 15 92 91

4 3 94 26
53 19 82 63

72 7 78 39
4 10 91 41

15 42 29 58
28 13 90 65

19 11 96 14
5 26 88 92

81 19 99 34
35 65 90 97

14 24 88 57
34 74 92 98

9 40 50 68
37 9 81 57

29 17 71 20
76 27 98 61

32 61 79 66
10 31 22 88

55 43 98 45
90 69 96 92

5 84 37 94
70 55 93 99

27 68 64 92
25 5 29 71

33 71 62 84
55 25 95 46

10 41 70 52
10 23 66 44

28 18 47 69
21 37 25 68

36 78 53 81
53 35 65 79

38 16 59 33
14 76 41 79

11 29 72 78
73 1 82 81

54 27 71 50
70 2 97 17

6 24 98 32
3 3 68 41

71 27 79 93
12 24 58 69

31 13 98 54
7 30 24 47

31 57 97 80
26 26 68 82

14 2 25 28
34 13 58 22

29 42 49 58
59 18 80 90

24 4 30 54
3 14 83 84

0 20 94 94
20 47 28 97

43 29 49 78
7 89 52 95


25 8 59 70
7 14 62 23

53 25 69 35
34 75 98 93

5 43 35 74
57 32 69 62

15 12 75 74
16 28 29 93

51 2 88 53
10 15 28 17

4 40 98 48
38 73 67 93

67 68 72 81
0 16 89 43

67 28 70 35
57 28 99 88

60 42 82 70
59 60 62 85

63 53 77 60
45 27 53 69

21 3 95 62
46 15 48 78

6 3 16 68
15 56 83 75

17 45 98 80
10 25 82 40


53 1 81 41
19 69 28 96

72 45 78 64
7 21 72 25

18 5 23 85
1 10 97 13

41 57 50 70
47 36 48 53

30 10 78 54
49 27 75 58

47 7 75 73
46 22 99 32

37 17 64 59
34 30 70 85

11 11 52 94
1 31 30 64

8 58 70 93
46 37 51 45

62 52 78 78
8 0 84 25


39 8 77 30
21 30 24 61

6 40 95 93
10 38 77 88

43 0 92 66
19 1 27 77

20 61 31 65
58 10 97 26

49 57 71 70
70 0 95 42

77 35 92 87
22 14 26 75

69 48 94 66
13 44 44 49

16 13 62 61
71 21 72 39

48 42 94 92
19 84 44 96

37 35 72 59
50 19 62 25

56 21 91 67
35 17 69 51

78 16 83 56
2 77 8 96

56 38 69 75
14 3 75 23

10 49 99 62
73 20 87 81

30 3 87 66
8 69 20 92

51 48 86 53
46 2 77 49

40 13 47 30
5 16 67 18

16 67 30 89
69 70 87 99

25 17 26 35
87 49 98 79

25 2 79 23
3 55 56 77

7 20 95 62
13 29 88 80

18 39 99 70
86 65 92 91

8 0 18 16
31 24 47 65

10 18 19 47
22 18 25 74

84 32 94 49
35 30 65 53

52 3 64 45
36 15 45 68

20 31 44 44
3 13 48 68

67 31 68 41
45 11 57 29


14 11 89 80
0 22 25 26

9 66 72 75
57 76 86 88


12 38 77 76
21 15 25 91

10 2 96 88
28 10 48 21

28 46 37 96
14 21 37 74

61 42 96 72
53 6 77 80

17 44 56 95
11 40 77 86

41 8 59 80
21 29 42 59

70 36 77 57
14 57 84 75

30 9 80 18
35 15 98 53

6 0 11 84
22 34 38 76

56 1 79 42
23 12 50 20

0 56 21 67
5 37 14 42

12 31 96 46
61 36 62 69

24 5 36 47
33 54 75 81

41 7 75 91
19 11 98 50

19 17 41 98
12 36 85 81

76 13 82 39
49 20 96 60

38 13 65 19
50 19 52 91

27 77 79 82
45 28 98 91

64 2 97 42
61 38 78 83

12 8 48 29
50 81 89 88

0 53 6 56
24 32 53 47

3 10 81 54
78 94 90 97

39 49 87 96
17 30 32 87

16 30 80 90
23 18 57 63

23 29 76 71
48 13 70 51

23 29 51 57
13 1 55 23

72 2 94 12
4 84 41 94

9 66 36 67
37 36 60 81

52 17 61 61
22 12 30 25

6 6 70 19
25 71 81 72

53 9 74 83
29 46 67 76

13 78 18 94
2 63 75 66

35 1 79 24
17 23 89 78

11 88 36 95
18 23 67 59

94 61 95 85
24 42 31 90

84 72 96 98
60 14 90 39

77 93 90 95
23 42 79 70


37 61 38 92
21 17 82 56

19 16 80 79
23 0 30 70

15 4 72 47
18 46 39 51

29 68 83 81
71 8 86 47

77 21 92 98
29 16 74 93

10 24 84 33
47 38 66 85

33 42 62 53
41 4 51 86

37 41 70 55
24 1 54 53

22 51 46 73
19 14 52 18

55 21 95 99
42 12 84 56

6 20 69 62
18 7 47 17

14 10 56 32
11 67 68 85

34 38 36 40
8 52 10 63

5 85 51 99
49 8 87 57

55 3 70 77
36 44 88 72

2 71 35 76
13 32 46 90

50 10 82 70
74 50 92 73

10 13 25 49
57 15 59 70

27 68 99 70
42 12 88 90

41 13 77 76
3 56 54 60

31 30 85 66
57 35 92 80

2 48 81 62
39 18 70 29

21 61 99 86
51 23 93 52

17 50 44 99
59 58 73 59

25 0 42 40
17 72 20 87

2 34 87 93
57 30 63 63

2 7 14 92
5 49 96 82

65 38 81 51
10 87 93 97

36 5 37 39
10 29 26 64

13 9 63 22
72 44 78 53

26 31 97 52
34 10 45 32

68 13 84 49
94 0 98 82

87 40 92 49
18 13 69 32

22 6 85 15
11 60 47 73

8 5 12 57
89 16 98 18


46 4 76 46
68 53 69 78

37 68 92 91
28 57 48 64

73 14 92 43
63 40 82 61

45 12 99 66
19 9 81 73

29 33 65 55
86 38 98 42

23 33 59 71
50 32 87 80

23 38 95 75
29 29 88 31

43 18 85 47
62 27 72 80

1 52 35 65
4 94 73 96

63 2 80 19
0 5 30 86

47 76 61 96
2 39 27 57

22 58 57 85
37 17 81 83

72 45 82 87
38 53 81 93

13 8 61 43
65 1 94 64

8 62 49 92
50 1 76 50

11 40 59 87
4 73 49 75

39 71 62 77
16 57 96 83

81 53 91 98
6 45 37 62


21 25 24 60
25 16 36 51


61 9 72 70
67 7 85 22

18 1 92 5
31 56 90 69

11 81 29 89
17 5 84 68

51 49 58 66
22 4 32 73


43 25 81 75
72 35 94 83

16 24 76 93
1 13 82 59

80 18 85 60
54 22 85 90

40 13 81 92
65 38 69 61

15 74 50 88
10 10 71 86

39 31 86 40
45 52 68 54

25 24 64 79
50 31 98 69

14 56 39 96
83 33 86 69

2 8 57 12
70 20 80 50

33 12 56 77
64 31 78 55

29 31 55 87
8 44 53 62

10 5 22 53
22 91 97 99

51 60 80 63
65 29 73 32

45 6 98 29
61 42 89 84

23 2 96 73
32 6 35 98

51 12 98 95
55 6 74 94

57 18 58 31
22 12 51 72

71 1 96 9
12 9 86 52

9 63 25 93
13 0 61 11

64 6 65 39
52 29 71 45

9 12 63 83
24 14 66 55

57 8 95 24
76 56 95 69

53 50 84 66
50 62 97 77

35 37 66 53
87 48 98 66

14 31 78 32
2 47 39 50

23 10 48 43
79 4 99 99

1 12 15 71
0 17 51 75

28 54 36 75
72 24 79 45

7 5 50 77
46 7 76 46

17 50 99 89
41 55 48 63

26 46 42 75
2 63 78 66

70 42 83 62
18 45 42 59

25 2 88 24
9 16 65 70

12 26 78 67
22 89 53 95

0 78 16 93
19 2 57 45

39 16 79 73
27 34 57 70


16 50 97 89
30 90 38 97

47 18 91 20
0 31 17 72

56 4 88 65
15 52 75 82

62 15 99 85
47 44 64 48

38 46 80 70
44 60 68 67

32 37 87 39
9 58 50 70

26 16 49 24
28 53 53 99


33 80 76 97
29 16 92 68

24 7 54 74
63 33 77 65

3 9 9 81
37 31 80 62

46 21 52 76
8 19 42 86

18 22 93 68
10 87 84 90

38 13 49 54
78 19 98 33

0 42 7 96
4 28 33 31

1 8 8 51
46 22 61 54

65 27 90 28
26 14 70 17

28 49 71 71
26 83 42 86

25 79 94 82
62 11 82 90

16 77 71 93
17 34 67 84

9 36 64 62
76 53 87 58

56 8 76 83
70 64 91 69

3 50 16 96
7 34 18 93

30 11 86 99
6 15 47 34


69 16 84 54
37 29 60 71

67 10 92 79
24 44 26 56

8 55 11 69
7 71 89 84

88 14 89 22
44 29 84 99

53 66 67 83
4 48 54 95

26 59 73 99
51 14 55 55

11 75 15 83
19 42 52 98

7 8 21 52
57 33 59 62

26 28 68 82
23 30 75 96

41 48 54 57
3 16 49 71

6 71 66 91
77 65 90 85

25 72 63 89
22 10 84 34

63 44 90 65
74 14 90 44

62 1 68 69
17 84 24 85

29 55 82 60
19 34 72 45

34 6 97 33
8 95 92 98

7 16 39 98
30 33 65 94

44 2 96 61
40 45 72 55

52 15 69 40
12 26 76 73


72 34 92 58
28 43 54 98

24 12 98 97
9 4 38 7

19 90 62 99
25 64 83 81

9 39 22 85
76 20 95 21

20 74 55 78
74 25 84 60

37 9 72 10
13 12 98 69

68 3 84 19
67 0 93 2

41 39 91 69
61 59 87 90

20 4 68 85
10 17 94 66

26 28 99 50
92 28 97 62


4 31 92 47
17 85 89 90

62 42 75 56
38 75 59 89

37 39 55 81
2 10 53 70

10 4 19 33
62 6 97 82

29 37 53 70
71 8 79 33

7 41 50 97
9 38 16 98


52 7 84 66
82 35 89 73

10 42 71 58
42 49 66 75


14 38 55 98
89 1 97 2

9 60 26 68
41 22 51 47

3 45 5 64
39 39 71 46

7 16 92 92
29 53 92 95

43 49 99 94
33 50 96 59

57 8 70 71
18 19 63 30

24 47 46 64
11 45 37 87


26 0 86 71
2 82 74 83

25 88 53 92
72 48 74 59

21 47 24 58
86 55 87 94

42 31 45 93
63 26 88 44

44 15 89 98
80 24 99 98

86 58 90 64
17 38 24 58

0 39 5 48
4 33 92 86

49 79 64 89
24 15 27 68

20 19 65 83
46 43 82 84

8 41 24 94
32 31 52 84

9 1 80 23
36 85 56 87

67 52 73 74
41 21 43 63

7 5 56 83
78 15 90 89

83 8 86 70
40 54 87 96

72 8 77 98
37 59 86 93

19 63 56 99
12 19 84 63

93 76 98 83
65 15 76 98

0 85 59 87
92 71 99 84

21 59 34 79
24 28 71 70

34 7 95 27
18 63 42 79

7 47 92 69
25 25 97 36

56 13 73 55
49 39 65 78

9 54 83 98
33 34 69 80

3 40 14 73
56 1 71 37

36 3 78 22
33 29 58 42

31 49 94 97
28 26 43 88

37 23 38 32
7 55 67 62

81 88 95 89
66 90 77 97

12 0 13 98
22 40 81 54

27 3 90 22
18 0 91 7

29 82 33 89
38 3 52 85

85 52 91 74
17 1 68 33

53 4 81 32
35 14 72 58

13 32 62 37
4 85 37 92


21 42 86 54
3 36 55 75

7 92 8 95
2 10 32 94

15 71 47 79
36 57 71 59

45 33 83 62
13 12 93 87

31 81 66 86
21 22 56 29

15 48 16 77
69 85 87 94

73 22 86 56
44 33 65 42

49 4 67 14
12 1 16 95

34 55 82 81
3 7 91 36

13 7 70 40
1 38 52 77

75 13 85 71
51 0 98 65

17 14 21 81
37 71 68 76

2 78 57 93
15 52 61 83

59 23 80 33
13 23 52 40

38 11 88 89
29 4 87 41

7 40 50 86
62 63 75 78

20 23 42 33
9 16 76 89

87 0 92 74
96 34 98 92

38 25 56 75
16 35 85 82

20 27 24 51
34 6 91 29

53 91 85 94
8 35 81 68

10 21 52 48
8 35 13 46

10 6 69 24
27 3 58 94

21 54 30 64
12 23 36 97

14 22 89 43
22 26 79 42

63 27 89 49
29 47 62 50

23 51 72 57
3 6 81 11


65 12 82 40
13 18 54 54

18 3 45 99
2 32 59 49

26 35 58 59
42 23 61 86

51 4 55 27
54 19 65 94

6 11 99 12
30 30 60 66

21 29 27 87
24 2 79 71

6 51 89 61
0 55 84 89

16 11 87 41
5 13 33 85

11 72 24 97
16 2 54 82

84 65 89 69
40 4 63 67

29 51 98 55
65 6 96 53

64 46 70 50
59 35 75 39


49 7 93 64
27 21 85 36

8 73 76 87
25 41 45 78

15 43 25 91
26 20 84 82

11 11 45 63
35 57 62 64

17 18 81 28
1 52 44 54

30 55 93 77
39 6 56 96

81 17 88 49
31 38 66 77

28 91 49 93
50 17 84 55


36 74 45 75
1 33 70 34

10 51 83 77
41 6 66 47

90 27 99 38
2 21 45 44

32 37 80 69
4 36 75 63

10 2 49 38
23 36 33 95

6 25 40 72
31 24 81 72

30 51 62 84
7 6 47 39

32 7 43 9
97 49 99 70


13 13 80 19
43 26 44 37

5 11 40 12
69 20 88 51

12 63 64 79
1 12 10 70

16 15 61 96
8 40 55 90

20 16 61 53
4 9 43 95

6 71 83 73
27 43 77 91

22 51 89 54
19 36 23 73

87 33 88 47
75 68 96 87

37 41 92 85
35 3 80 19

28 17 38 90
5 8 86 47
