Case 1:
1713989
1403557
214146
887006
1614162
763720
542406
2501463
999560
2074883
1982988
1264548
1180976
1218928
1131380
27923
211460
1246920
564120
588962
2186888
1567999
464055
2546285
717210
1225176
187628
2542233
976830
444181
416331
598218
1487400
894227
1088976
2814412
1002063
103763
647664
22521
1981472
2238818
2101998
173684
469450
1180561
1567780
538171
454978
1403634
840733
2717719
2424694
2220367
1389969
366730
791672
92795
2340965
942193
1142071
323937
435882
1373736
1337147
1349554
492951
1197048
776793
43011
1352547
342007
639158
783732
878035
1399215
491010
148109
1908838
2660418
2196965
1145486
897902
936558
420212
330391
866611
634106
1044862
105968
24951
1625119
1083777
878099
1228866
2288059
2487672
1251870
1691290
1285880
259899
1601119
92534
1066592
218805
216093
342594
938514
1885360
203014
557188
2756702
1545237
1711432
565597
2627280
544608
414912
1521357
931556
1211403
919281
1279662
587342
819588
293675
1241694
1490845
2594314
2234923
584456
71474
2192973
2387985
950782
1388722
699406
788664
1580783
2504207
343234
499064
664826
2006674
1086398
704135
1150118
20510
155349
1051047
522083
449635
1817006
321685
1221798
2318648
645857
362647
2164885
485455
533661
262405
105261
1222998
1463580
2152249
1357558
913768
1314666
579555
1252601
1066961
614106
692850
1521225
909826
1239966
1159703
670373
1289299
402134
121373
48954
758132
738156
2520270
329133
679279
1932728
984860
1883679
1538582
996466
95529
1441843
350139
2060880
266443
686288
2553369
180031
1809567
2560168
1491825
1097988
516420
442117
762247
992566
6805
982729
829855
1134742
551238
2456400
794080
542944
1064578
1294733
1158133
2106879
613240
1326340
1074293
2142971
996400
1885686
899080
2271695
835674
23238
896444
937622
557884
445787
182051
1707979
1585767
1677082
1604619
2008765
766915
18031
82080
459956
1954206
1209857
1269187
308989
1528818
516088
54394
1185278
1141145
676967
413627
371637
558397
294526
1674278
1897687
2357703
966273
575432
555454
1222289
1417714
1886326
2683474
979708
1973367
1726246
71629
660983
1140194
1087141
675639
1123704
996425
81993
123764
132394
729636
1268001
2020529
1077113
443772
799596
280813
662414
2076815
21576
442194
355645
1463579
65692
1885896
2313169
2304479
1659227
882867
820368
1014917
723116
1240721
1881422
1485134
407140
810875
1222251
475141
330063
467633
323661
559635
1434316
2342877
1221856
1049656
950361
342179
464835
413987
1476627
1616236
539430
1323563
1891583
2041975
246136
1908180
580851
1418613
196128
2440941
947517
2898777
1310453
1929904
227368
918642
2076888
797506
364843
1002111
1293798
705923
530160
2433030
1454848
867050
948887
2141557
2162889
121608
2042090
688543
1723004
176622
583022
1302703
1600977
940211
1311431
1160666
1678185
544048
778956
205483
403680
1496652
1724496
145694
677392
1298194
280194
211818
344248
479661
1239911
98599
1264884
906883
1267736
1295110
605888
724140
382154
37677
1236583
247742
1357812
480116
1241031
175583
97552
141327
487046
497663
640070
712870
1127104
673220
349171
278812
1381443
1898137
9894
66121
2455996
108075
475252
1010130
166810
1124840
137734
857468
2060185
1562140
110689
602364
460474
360724
1624484
2138765
172927
1920213
1123658
671804
18190
1501506
2524645
787089
646195
1344417
693046
1137085
2076893
1530711
2415336
2114395
118868
1017172
1183920
654160
553790
832004
1510853
42460
1598543
1119119
54904
730742
1735622
447371
304983
2643950
1668893
329802
152575
477896
274614
248390
433543
72826
286842
793977
1514697
656524
67571
399176
1282328
169042
1466978
296668
1528464
1465205
307027
757835
689892
667382
281731
1526113
1577400
827436
93756
2059949
14582
1871463
78566
272612
1086178
325609
986906
226016
98003
142991
1516326
1776018
2834815
365562
1836788
147665
360054
166526
442964
1072527
327648
881895
2824502
770460
229131
1178508
478385
648581
1551057
76058
458396
680525
922706
828027
1015763
774880
988504
808671
609766
717050
1607925
796130
218641
2623906
684683
79724
1873817
567499
810827
1344835
649631
851943
208608
199766
1745086
1976203
2360559
1703820
265262
1089332
970474
634299
2193634
499189
2291343
1151133
840163
2190863
498784
895833
973940
1483469
654538
174832
1864351
2805009
2605194
1251308
742825
216111
216122
298594
2137026
1921469
1143170
138262
535163
552280
1381993
2375866
1556126
757583
1287682
132941
1033249
702976
500844
455024
1456278
2357612
1171844
1510968
928178
1558828
1445874
120691
153536
1360889
205499
91973
705727
502133
21100
509787
65923
1838196
553815
583978
1476344
1156135
1395899
415688
439438
1963107
1872765
17265
1110151
201084
761062
880159
2565275
1118769
1302080
152315
359564
1952391
191839
653372
1294102
1387816
2537617
189970
2076385
61953
1243384
1042019
247857
533553
742358
1195893
26738
1686447
303936
1070320
915184
1878054
1800687
826004
821891
1312595
1769289
98055
151648
146235
262517
638712
382860
1553994
192795
1794622
1121557
2115601
92624
643521
1130350
701451
591496
1578118
908294
934513
2313523
453181
1181056
1282974
2467185
660529
772075
1463574
1702272
279934
991623
377042
2034276
1527715
462271
710507
2095844
2055887
800038
451152
502768
558297
289665
156628
167011
1276860
789043
943638
582015
330270
4928
60557
717619
1408200
2283592
787940
700369
1469475
2058971
854201
1202916
1315272
2729413
1635266
818363
1896884
2024176
629413
126241
2631369
917693
387694
1958206
884355
1177223
1958082
482665
180608
676605
413488
328588
247204
850762
655874
1476715
1249740
2097576
1979158
1056078
645481
2549604
867891
973201
1111779
641014
1402973
277754
1493886
2231727
796986
117148
1306126
1762427
2644114
282398
704472
1330573
919357
1371549
1617
1422156
1630931
1775458
723719
1462369
1871604
634144
596834
981297
1630105
2169250
1090307
589160
2416291
45460
326586
592519
2668550
526060
883804
2597078
128534
82704
1226388
602764
114595
2690581
620985
907390
160958
1083481
1161948
1005587
53706
1376341
302268
1027871
429302
598882
183862
57386
659050
1315709
490275
681456
505738
2703048
68803
39152
878166
678381
1345321
2551757
591662
1801756
1435220
1860333
1273506
1745380
1172426
1784054
99129
1352222
1845704
307575
28998
838844
187668
2808810
135583
116721
194815
1226840
2366807
683045
227730
1591800
1569521
950149
846952
540787
129602
841429
270329
2164193
2316426
171528
480991
618437
1359674
1101838
329787
1022245
2862259
444199
1375670
979809
20891
33636
1158397
1675566
551386
79016
392192
572844
533248
86459
1010318
934859
196160
1080004
1077722
915664
93234
51729
1777007
865597
1819739
1143942
2257728
381689
1896946
408152
798607
1437124
1532904
311545
1456874
609167
248239
667237
2066220
1121477
698540
856584
391043
1559542
397266
529586
573449
1032376
2209716
298906
591660
402693
2281151
987696
625298
244692
2214385
2127263
1001678
174649
591168
290127
663611
318931
23150
1831214
462087
641531
447616
625643
1114893
389510
790863
345441
201230
424220
571175
105741
1766234
2274953
904887
730074
2428691
927709
242424
2560220
1567271
2106751
120926
519343
1163254
1182772
1473128
1604446
2050730
1003846
899377
2113818
1511880
1093484
1476335
888034
451587
1346226
332808
2221043
1452447
2754601
108189
12002
1220760
713242
888703
729365
2280455
404541
19873
2404412
2594062
194354
481946
1172970
2406229
180231
516151
944861
549831
1623636
1748186
990589
617687
1273918
1318543
2180120
1672564
1165334
1113769
445911
2739308
549082
177293
547567
332375
306789
1318937
2260646
2579524
444618
1003075
769265
1066482
2430445
119585
968216
232320
569301
1556506
1281113
1252351
1302131
662123
1792001
739186
2335466
51137
136924
365802
69292
1032099
898594
1027781
366681
1138472
416095
259899
1566612
844710
1018013
393022
108450
1993701
1366064
1644899
2107429
957742
168492
1091149
398938
849013
476809
507931
1876255
25089
823136
931029
188320
284349
158953
2322269
113573
1259659
108347
1125176
1276298
347428
1030712
2368689
1351972
1157445
931307
870954
1454744
1624475
536544
1842278
907414
1691261
1119431
2029177
1673837
185348
751124
1606144
1253765
25920
1955539
846056
2327076
2557542
961053
110914
1346940
242060
858179
436113
415186
24848
1692310
1030031
140559
198021
1245013
114061
2570087
1403673
1225336
310126
813464
1686853
837967
709776
1499655
1159640
906880
303782
1993838
874832
196175
1818928
413190
513181
856111
586873
1834650
1611539
227618
1416508
744293
1024380
170001
1545932
131356
286475
347204
600299
221754
1455166
988484
1082063
6575
788821
1433126
1353249
536362
59604
1533613
1583986
67039
2552726
722194
1782833
1117613
2371180
2580743
2486524
18784
1002718
682490
1078656
164099
716528
961416
109301
539174
569311
141439
555612
73429
1229100
619108
107016
1695754
2128502
112649
115195
2820397
705756
339782
863583
2142000
1676544
572614
1923246
433506
1583794
40923
1143664
1093205
1440788
252619
645214
1094057
346024
1890815
1088075
610937
2867371
206094
912921
1174555
499813
226933
662799
1576731
464021
164987
70688
1143381
329590
926400
861819
551573
944060
1690010
1954546
730678
2365729
243261
1527816
618288
475988
1802027
2132539
127992
2479943
2636940
362816
1454878
700745
886179
133858
1148015
1595375
997267
520317
260346
1285304
707225
185595
2446599
1134310
1036217
602766
876249
1362609
500571
1029418
905889
2093901
174133
62108
1045742
107437
1379521
2351633
1720989
691069
442929
1679121
312436
1371870
599915
946398
2539016
1424721
2473859
835069
1265597
2067271
1131626
357694
1309816
2489256
1757789
2185686
2720437
2625098
2586994
527871
1131016
1353931
311038
642904
1187494
2776748
524858
515346
890700
376503
1168634
186020
1352147
320818
1525997
249759
353396
1296300
1051665
1686086
947611
1161167
2426111
2128852
1576676
778145
529042
1063465
80055
1148632
2430466
2178131
1165000
49570
529236
2490005
589645
638982
1069858
697810
1241956
472233
1583486
1693349
1105186
509546
1091126
440803
149175
2061236
6153
392838
1049781
228631
396786
184541
695812
186523
288045
709278
1061140
1080750
62808
319617
807448
1004845
409931
2223285
112387
585641
1017707
471058
1530774
122016
2395056
271412
1072948
1282188
2846682
755631
401220
2245844
2748303
1390690
205767
1274100
57010
1552917
165987
973347
58654
607488
1562602
293580
1060290
1137803
1085120
987749
432724
1270784
1321109
641343
694548
772223
2620675
1780030
525949
2298344
1849293
267877
1848333
24413
627639
1744318
285706
2861956
603945
1360805
420790
923648
952485
5810
1598301
634558
1589078
420399
1176149
344553
537117
785175
1618157
118422
842000
2228968
103275
2290288
1139532
667024
1381435
588030
34628
1171626
107845
1873990
783248
1391669
1327182
915949
216000
1105707
931895
1683292
45739
826406
805498
1049160
55748
399575
1933478
18866
662
1837047
610338
914238
1159164
1687291
1727010
1267768
486969
2581094
718410
743355
1172369
551593
2395037
1210821
907528
725335
2117122
460602
1569280
644907
1573742
834268
1386331
774378
1074543
995686
30896
761840
174638
384127
75724
1645081
600696
1518099
945949
65202
228725
1499730
1358884
757869
2203556
209221
1615064
157968
209875
2401744
456787
11120
877018
287910
21276
1046749
69689
159645
342109
879244
1097641
1055560
679414
1422362
374102
1801816
1754602
178090
886810
741869
299079
1077048
1684717
135553
570525
1771888
1168837
16709
418615
767029
1663994
1598417
1738072
1098946
1313698
2385929
420958
708579
1173734
1145981
201317
232476
509352
1300283
960699
200574
1055943
673165
1752818
2045939
624680
2518
666120
448908
1829873
1290832
1759819
1184416
250508
478303
130137
2725779
698321
1042869
508662
1952524
676100
330979
576148
1691938
2164384
869204
1021110
730080
2329458
984602
371803
582408
104039
1417918
498683
189188
932842
1449768
2599086
344229
848827
2072464
2308607
272044
910360
1271049
1526299
2037609
790856
2788185
491619
70338
416221
1860811
28490
213271
1368563
641084
312292
320947
1036287
1009173
373413
1797945
38068
1658866
566613
1533104
221696
994183
121660
931479
357918
599820
291191
1991561
1836860
1924323
103131
1143415
1306384
1423419
527711
1621580
1068424
675795
1173294
793333
1307406
699334
551351
4278
1104272
2354013
870075
751527
354869
9076
382437
1599983
49059
1742973
1156646
124925
625178
65179
287853
2049282
2504946
1191301
559319
762148
2463897
733461
905440
608216
536093
602160
594539
193692
1039994
556810
330175
848088
339700
2220759
2257740
937797
470933
1273308
789892
715036
694979
645703
2404010
138882
149457
221497
2162690
19108
122461
915139
774138
2528608
848540
712190
2092568
1360234
695040
989240
483683
1452411
1523443
706763
435502
2148832
1906630
426963
1311851
602956
758082
1689949
431235
1547595
1057047
390351
1979810
229799
1094102
1107259
1237978
1846256
1829109
46124
1200978
2293601
1106897
497790
1005916
125670
1262565
400865
212211
893474
1574313
1504002
185043
78893
247252
208638
1293702
1215296
728051
96689
1131572
684311
46983
442886
1376480
97430
2423711
2117265
1772339
2256632
1584336
19376
1327390
1927278
1127422
2304781
505545
2278026
712499
864709
249403
579594
1865281
916058
451048
433329
1446696
1470836
578665
325331
668291
168954
1081567
555475
351540
251387
732032
174609
198002
880846
344642
1360001
433843
478167
252825
113225
352138
492035
962868
217954
668807
1495895
32153
1303634
1493935
583605
1673038
659487
396823
1662369
223964
497044
333085
1058972
146157
1424750
2386901
1801380
147566
224681
309675
1983332
1399763
1071953
624549
1961718
1757119
21552
213071
1085388
986203
470216
545607
807758
158419
25036
65165
1220661
1802212
277706
853464
454224
123479
2074462
1278428
1184651
987985
351654
2005325
388779
124893
184117
2232512
38016
266179
1999917
225543
571566
34551
1119655
790580
823036
294879
542522
546986
875638
232824
970162
885429
299011
842526
1500745
1151446
785428
1808173
424490
160605
1821309
849508
765571
1706019
369786
2153083
212068
78292
1617334
96123
964113
295963
1020490
1918466
202312
504568
333798
564939
1764752
131016
415283
1863496
322237
624509
184884
1370795
1762819
872607
1311065
1508628
350829
735261
131469
1110557
15750
855953
527473
1265046
973747
1251807
335552
1389082
2891504
947578
329755
2034865
718089
1421011
466237
1429679
959458
1046946
960001
929460
1102562
467397
132220
1613061
308540
4946
681210
1847252
560098
477402
1431432
1550975
1193859
176756
392373
7471
867887
1565527
426048
1701455
254497
61297
1635809
1798997
68741
917441
2162438
794194
1821660
358626
591195
1267699
1082544
1714056
1555573
400135
1466962
534602
841291
1152397
569485
913986
115138
906424
2120655
316042
419655
486435
220218
230524
1147692
232074
1975901
2473924
1142445
625272
1124754
652146
1514315
397541
2509291
387802
304693
1743035
644861
174291
778460
1784886
2103210
646774
17538
1857807
424845
178221
593336
1921880
1946461
971920
419466
669299
88812
536751
1681895
618287
363329
1441222
1600747
1568638
87787
1633589
837774
1026440
36970
100969
1669358
992792
642455
1372142
1407777
1787671
2155581
2257011
37641
1305104
645913
2326950
2049516
1336256
690643
70497
97334
866696
2426513
1132971
16734
505910
1462418
71123
112763
102802
1587867
1019105
2769149
862752
633008
1507256
1949570
1030261
243996
694314
386124
1924215
662421
452488
1260070
427303
1455095
1401672
1192724
835221
698830
569792
939545
1837699
354154
953352
1587342
689223
514075
487785
671917
83967
1077151
996233
1321681
835603
314433
1154432
1690800
2263951
2568099
982108
943163
250078
117530
467231
1478498
1348466
261776
2607903
2056443
461301
664431
1516200
386432
1313749
1461944
2049910
812480
130057
173992
567748
472474
717850
467453
325701
1822278
1179000
16307
2076020
1562884
35755
1002630
1020906
1747404
566647
204489
541519
1368858
316439
1345617
223810
1185172
928429
778470
792479
446191
34875
1641959
771408
1150301
1476036
342054
1093637
365986
160778
1075838
1617085
1337494
937435
12091
1172534
1340396
1783036
952576
321656
1722371
66941
253481
2142180
591754
2254666
1271776
1938903
1438761
481635
572137
897840
769535
1907669
1793644
968193
1283070
98736
38711
798921
1013538
914081
1536456
1149003
1179243
1703249
1149988
2015150
411333
619215
146308
1063880
1149057
1115296
283874
1253229
897915
1331939
306604
1223105
707021
374929
690298
420548
2436002
255169
453004
1186154
326804
1913516
552004
679603
35605
2177611
572461
849202
1796618
80478
953408
1087703
945849
1143080
19672
1939732
782920
2129033
24304
587406
949612
310557
1252348
1343961
1801439
565858
678268
858349
1412979
1849716
658425
2179648
439394
509251
837825
371514
2682216
1044932
555918
453132
918123
259981
876282
1120636
2162481
935786
535892
2489294
169633
689121
2001492
24724
2465894
2049715
1645495
698356
809413
864948
2738391
550387
650082
544169
1994397
1206336
1688673
221022
501602
1801791
271817
664696
102651
1030871
643220
499140
1689657
902791
1205925
820981
161170
1762999
1638449
681573
107222
1820064
2347474
2681912
463369
1240404
1817148
166416
58147
1284148
2585845
2041401
1193396
794231
614364
821224
1369257
283640
831505
9869
847289
1539789
294822
2553599
723362
1307451
1578770
850475
682026
47861
1178631
1146650
818016
1779928
237746
351753
72597
1607352
181305
1708914
1374372
338184
2377866
424367
93935
644839
877749
1738481
833329
595749
428047
824238
147395
1138353
1529381
1081315
32030
1824967
196694
286597
1401053
1469088
2060194
2168780
111799
1267712
1530669
789961
1762559
358293
1289867
822297
2702906
584203
320245
1888019
55374
683521
1082573
1369985
976576
247030
190562
16523
536893
1980611
498531
873198
900998
584777
1037656
646458
1152098
742111
1543312
1509921
1894467
991913
1282108
868860
504539
834075
696104
2009449
1339461
701601
62712
2096918
131692
1456410
239155
1005462
856934
70259
1566486
1966683
457439
1369562
1544720
1165811
2273467
1596788
555971
1672929
679765
2249744
943470
170952
1297397
8884
2757792
98324
1918936
544610
139189
642238
994550
59237
653542
1317530
2675485
1551291
1224154
197582
497497
710449
600070
255993
82154
613361
199774
76836
519471
314811
677230
916938
221001
1762094
1831316
525416
931317
1367294
134980
1671856
872067
325230
651330
752172
82545
1609430
590924
1448508
976509
1864405
1575514
225427
1554849
1344856
1150511
1205924
243665
1455652
1304195
2181164
830380
591691
480073
1343621
2903540
970833
238419
979939
2111754
749949
286971
1337415
1038594
264992
2419987
1421877
1691065
2786597
846210
1205786
2675143
584477
1631617
473290
353744
89555
1233036
2030068
257804
1950728
1049122
787087
942882
1123219
317500
2547195
229230
623018
1540081
548471
1254613
1376849
1526873
1689315
582765
1577699
2278529
180804
445654
345148
608547
112573
1192176
291420
1613496
746628
2428036
790799
410186
203370
1681947
408423
395477
129897
465339
701282
1009664
580930
88723
157416
1107401
1500240
1761383
1218492
728405
1547591
315125
113112
267509
972208
306056
2342600
1638724
333372
110489
8324
1035743
2202537
1771293
140208
2390479
2686498
350199
669006
73175
651805
252305
1128018
680804
128830
1038667
742003
1798870
2479970
119192
1596866
855334
2765301
1247931
518318
437340
939461
969692
2100912
220922
1028992
82764
2230467
151371
1585014
120294
1200044
1746460
375114
1173537
978860
100099
147178
1248708
1898090
737567
198273
651104
479145
184257
2269232
1591220
1831699
1866847
125295
224071
762414
689870
335507
1888238
127476
277094
553559
830634
1662903
538163
183630
1008931
747805
312704
924009
1238367
1537771
195893
1958840
951993
1752313
142526
1395104
447319
146477
285090
1720668
278863
437679
1076924
1105669
1017325
978815
390859
1646992
798813
693276
1744066
1095985
231518
860110
423352
1028270
571506
1163898
125707
899289
982509
1099819
3473
2778633
6367
191239
187318
793537
1689006
1044332
904868
1048083
622363
582981
372292
1091244
1418057
668886
209097
321510
2066386
627975
916308
848494
1277570
1136859
855562
904546
1995791
1448076
266416
1528634
1451350
991939
1020950
60436
698546
1195980
1720526
791958
1755847
1453288
509577
568363
2091331
35141
809086
476031
2038910
964217
968585
2362811
271468
498138
1276367
89227
664374
595116
961257
1392207
1210604
448144
1954811
1229317
2121701
1186264
1090495
297142
773591
943162
1294271
639078
679144
296401
1661110
1709667
45594
768288
829001
508556
532199
1257075
287302
1540449
817886
1747227
1464743
1519798
61321
2034794
2264961
859140
340791
623533
662210
524066
1996891
2046769
2392263
918915
625749
641894
2047496
2450244
1502814
560349
1317017
786537
1669608
1254782
464248
1175178
1460998
1804195
1761104
669921
321538
1080523
2191168
931986
1485392
845486
254400
182376
1023296
70519
1671453
646680
1755271
1013102
1066240
533674
566795
1283124
2483552
44822
1377669
255698
22214
1948987
66891
131834
1614629
1282779
919586
896001
545309
339608
130318
24654
561843
570142
1996037
654632
2178365
1931517
208015
926047
171781
1159757
1692079
937871
748457
2049853
1927788
592671
1482787
447024
1643061
1213725
1134351
2172673
36533
51295
638810
2801663
1064388
523230
1199369
230497
648126
2003165
632636
670065
1712769
1805197
1146690
1631647
65710
1299924
1101376
559300
693057
566900
1616602
477943
554387
1657259
1461013
329651
625341
539533
2158717
687854
1557841
755812
886847
744253
276164
397500
1173096
387327
13251
2057375
1266737
966228
323947
1192902
839352
2324781
384997
189358
294962
1211502
204448
312173
1338771
495975
703597
1081217
909784
1054712
1003463
2727901
429217
1723304
638559
1717898
790978
118102
1143725
951929
1199680
2686
342590
815722
2011457
359217
521500
875194
913053
942028
1864848
2030859
1998036
224359
64579
1951443
1930048
1754459
1208711
2168333
483088
1312660
698740
497310
1532088
1149175
2246557
784156
1196988
695248
1615356
1825086
522315
2507270
434307
33466
1149063
1829330
186829
1225659
1660811
644787
1180898
1618251
1288122
985269
231142
669254
886541
116806
895494
1048160
1679350
2209000
273625
340160
897518
116278
434316
1838230
743810
1868649
1484164
2200297
2464709
1184423
114559
1153586
124351
1779792
488991
1259214
1413092
738703
2069397
1775224
548018
1278927
2188664
1654903
241160
97188
915134
1575137
1056323
1387765
655494
900245
2202516
1880093
404532
353407
1673706
1104008
2403615
2780808
63677
540501
783885
1248103
856582
681559
592834
1345774
2229823
2123855
92732
1190134
731488
2082099
858622
849065
2233797
1251809
1513389
849433
696383
827838
522653
2066326
1611081
420432
454403
1872241
2044255
1909619
1128144
7993
1885508
298304
280351
634051
2214455
798144
694499
61123
447165
182056
521726
708057
696848
911425
36006
1259112
158438
2063976
2208371
1065754
640323
849817
1558107
1241121
119750
1691256
628637
400404
746977
1126055
455277
724236
2426507
311876
805336
384425
611434
248236
1355319
1353028
1824746
844068
1583689
962785
2209000
361821
892422
1090222
393360
1230433
452177
2084639
1068270
791347
1049208
1108850
525801
356914
2028460
948479
1344690
2016467
843889
1812633
880324
1905601
165943
179563
1461704
402892
1576694
759197
1767722
648998
139127
123925
637693
216976
381469
1771689
547371
239566
1236190
761174
2482016
324157
1491058
1077936
962846
570788
1126853
712427
886606
2406159
447109
1502071
230772
812695
1273550
847641
1264412
807112
1810728
752351
1664763
359477
1025852
178823
11160
1378492
2363527
439331
1060430
193895
81700
271482
1701838
999346
2098054
434256
969535
223722
1432206
193971
332048
2360949
2369609
17098
509595
421883
1014785
1061351
1756891
406173
1791138
2443378
1585568
687266
1227084
1502039
694882
2601447
1018048
1091749
634749
289466
354662
409759
282562
798815
1119889
2227201
2175791
1655346
2090229
153558
2570727
25770
124164
192891
2633490
1320863
669332
141575
1526722
1998564
1497135
60416
1146731
1791072
602077
722773
71886
299547
1099226
132793
557482
444035
1237411
1541863
202069
1470669
140403
2420499
397542
1520903
528592
2069635
666880
1218426
551484
943234
245242
2033927
1819270
2928015
2260046
2498764
468252
867504
389667
925278
582784
675014
760746
1874604
609041
878352
787165
460873
2548205
1505342
21597
2030046
1066357
125539
533730
1893142
1305424
1395515
716724
608702
36097
104757
98525
992231
876218
2596182
118244
1101863
2801250
278705
1154015
1503669
2367122
172883
2455951
1453812
272548
1820949
411088
1307259
1677922
1379170
323149
862289
993110
2169954
375201
221805
3365
1756874
1095629
1386112
825295
620802
689891
2515978
1775394
688869
332640
261565
1275259
422808
1394568
1047548
1877734
1319444
1146990
1431413
280742
624067
427609
1165759
729462
1173723
952781
556095
712070
1181369
536475
646463
178655
570877
909499
467254
1784528
1750219
2585355
141413
1058299
1032208
1236601
995821
2261491
1948193
1310035
250418
434593
240515
622774
299467
2298986
1441020
838438
1801030
634939
1289355
767763
1839055
2467484
882350
921002
1432113
729473
1809581
1719312
232779
665430
113916
1114304
185831
1082723
1639933
305355
374409
46522
635079
386395
2045804
1407823
2474070
2886322
324629
521280
246929
1964750
1971189
1031563
1905182
2243117
375518
304694
594813
425951
304198
96876
1377662
530877
210806
408151
1982510
264575
151680
724234
827638
1761271
776978
1653239
1714332
2199221
1688609
634852
1305160
503156
1106360
199681
1944376
1946267
427658
2327850
536870
1100466
597351
180180
2224498
380182
1644126
251586
998822
369836
1289780
335351
1555209
97010
1311578
1363789
1546489
767606
325772
1229279
1355412
1722118
1206924
1858829
453233
735130
1245543
1824658
934164
526013
361027
778806
2075483
196763
2108501
547975
397212
627656
209973
642321
740443
812030
33801
158901
813365
838688
1495892
745833
906004
818540
1639806
962895
1353214
617744
613518
145481
2765
450455
92171
228237
33968
1124278
1907177
789237
1240321
163058
2244710
717847
335505
974972
2469685
1673547
455156
482659
515498
751349
1689013
531947
367049
830279
1899084
477615
234789
1108907
2455153
136678
919508
151455
441543
448611
71464
440467
167041
2312832
723008
34901
2311993
536219
1163258
679279
632476
438785
901022
1884709
52995
1918240
1307018
405134
61415
774403
459905
884326
862370
1218145
1585636
1309355
1726164
1864842
200674
94057
541722
2327216
1062153
713680
232007
1744986
1072422
237521
168261
39964
384908
602325
658714
1567000
656425
1004077
4279
837386
184377
495987
1220371
1117748
365242
771105
1602825
548230
796302
1570115
983599
1379073
1697671
979199
198231
86855
544759
235997
599456
85376
1211011
2163298
1153762
703828
614759
199717
1586021
26300
1517427
564593
53719
66025
518016
451077
1773899
2598708
893298
1443164
108316
1742231
1926934
2599539
457782
1023315
1039021
2427252
830485
2168480
1237033
1945677
245756
1930860
647841
927461
1934172
1858664
793390
75154
258300
168977
1107710
263060
502409
1150918
1322835
872957
515118
2062774
1720437
1464841
636965
2018934
1477564
410966
1529871
1159340
1247402
319143
791324
880376
2507740
1380358
1607942
354929
1454363
1086389
2104654
49836
746455
2061943
1648593
1342761
2341012
652198
2520658
186072
240854
1674644
1198323
1109434
1518211
1708116
1905453
1712997
2270168
2373538
1884681
349891
1720824
776134
53867
383846
753472
1895322
396191
1437167
41228
755619
899278
1255550
426274
894350
258450
673328
1378851
1068601
677705
1546565
1047894
824304
512318
155649
460300
1152963
882007
1915412
1686924
1009370
2303110
1071997
1517654
1417768
463142
335133
1352528
1451630
255914
174769
983226
916970
392409
2064691
2027645
1225688
435020
504796
1464414
19819
1165587
324767
1553519
169834
585686
39550
1396663
1891695
2524027
2207736
607612
819411
389159
1945655
1229948
120360
1127106
593056
177632
562796
256532
297514
2471224
2213818
478197
1170375
942445
957010
346534
2099116
239133
1869060
484387
2595117
1843772
1037356
1649716
2378143
427680
2629844
222279
2213398
2181718
352142
731428
112213
1205336
1539203
437652
1624737
2159770
1664712
1561267
755569
2569128
710049
1129608
465516
1490941
255202
81329
923780
1703158
1225791
1403655
78370
340955
974435
1750038
708494
336934
1449154
1250122
716621
825902
190161
1559688
1623414
897884
143291
659242
954641
191042
39814
61861
2216824
1323587
312337
820200
397046
1187573
2556561
373777
15106
1214883
363821
1238329
66891
303517
565446
1680401
2351344
2454038
230502
811776
664240
1891566
1582298
596705
1424622
1568839
1490500
1519111
107450
1379030
1214590
1609272
146965
1213264
1051033
2255297
136025
477929
236884
536751
941498
775815
1503368
485534
96274
723953
870252
1573272
897242
1313623
1502636
615294
771758
2584808
154910
46620
1548846
2498048
748104
340790
917149
1191806
1131826
1625784
1057872
1220618
263912
413989
431327
1432750
33938
289371
2634293
414428
1461502
76423
701698
152128
392954
386312
1167162
1284591
416006
1032009
585541
499335
2274609
117303
1131254
1596783
1846744
199694
1736222
797476
357593
2101646
938569
864099
397376
1938468
203169
1078282
457029
1289064
376566
1318312
786994
423411
2608121
1194643
641388
1653111
727263
2033919
2692720
1578365
1619689
725284
23361
1493583
289888
355003
850790
1176481
1791879
362557
867557
507293
1170215
771240
1695655
782131
1746448
999083
776227
1413382
1410618
531742
1337427
598174
1195984
1270325
2017074
1210120
1719696
1043993
788751
1165610
1108619
2174387
573942
523676
1903170
1152063
1897416
207769
204442
1409984
115029
1245521
2172304
1957729
185552
743232
468965
2011550
813179
1959277
1944228
147184
1015632
91184
329829
974151
408277
226044
119970
2891841
1488020
978436
722449
270336
1732760
984075
90898
406333
1092369
816847
133145
465421
1651823
285701
1638914
8316
746544
1952664
406952
597459
105623
246884
998718
1208174
146456
1648126
472982
2664185
1478341
769202
197953
6732
123292
1436685
716262
15247
103450
1501227
1874226
848206
480538
1336533
579604
93504
1555106
1302640
817214
100129
286666
420821
2008073
1056428
1943755
953476
272493
428232
407287
1825786
239642
384677
213791
395449
528583
1775121
2424443
806035
1490971
1147614
342685
1583603
650117
665540
301035
309983
2596338
2064436
1982643
78495
618156
2152664
531512
2703034
443858
806664
1942316
1494202
836717
1442577
554988
967139
1052266
260842
1350627
317528
561093
980116
264230
1082468
146980
643807
981529
1115160
1472402
922377
2186939
159663
771938
1046889
113885
382423
631271
564432
143387
1281431
178300
568550
945630
1269256
1977246
2672329
515460
2791884
1567341
1842793
226154
1754172
1992551
198369
1287922
1397312
1167084
859712
663390
566233
256644
208149
105899
612846
2562816
1217770
646463
551699
520365
301557
355921
2023867
1297788
221353
712301
140274
861033
219765
373552
1180655
832859
616414
625449
1550828
216799
1817149
265276
296402
1554191
1513125
983996
422931
665238
826321
288828
629020
934747
1392760
575877
2378122
1362204
784452
227488
396254
567109
744319
30598
931765
1908439
197698
372102
598007
2237732
781824
1418575
4387
2205255
630600
56884
80350
695568
196177
307206
988640
1824224
946414
1186039
1518659
1207499
573403
2439986
783103
1970509
1203132
1452634
177691
1913716
1777323
1073708
1768675
898776
1183506
1518879
103791
130788
1497813
250822
872932
1980377
519356
1846219
2412760
2124674
1221097
2561956
1024384
291671
686247
430170
780459
412819
321481
655726
2091916
983004
176903
1555343
606735
1381972
364176
818753
413742
780024
412897
102502
428700
221952
2149394
36402
1076905
644346
1121845
2091564
2080307
1532199
2063021
1290285
899542
2109929
1484130
1073809
191898
503610
424154
1082893
1571976
902247
179423
1622338
1329491
1122768
90430
345883
1971206
2815376
2068356
350374
1400431
370147
888799
432459
447594
629572
1089957
606359
988602
1028269
1219564
206702
143070
40488
1860636
1949097
1339052
784135
469760
1346560
483600
650288
880280
442769
1629075
2707432
1211083
522132
335499
469038
1340783
487786
225501
1192137
723072
444532
602606
770957
1005083
1995433
297253
241127
2033667
130688
181668
190800
2143694
833643
587130
878537
2471355
693601
24104
1768187
125514
499896
1495556
23277
195349
410112
1099074
22775
1964487
2553209
455619
805013
2632670
662916
1871461
956625
268033
1576420
636213
58085
1756368
1319548
113039
1711149
1390488
1713380
235176
608569
826820
994515
2572784
1882069
1348755
2135957
533654
991921
153223
297949
1238283
658910
1637590
544670
80842
85601
145938
804408
1105089
1933404
1034250
1133774
470872
2181584
442567
447013
786044
2546646
1741791
1196437
661782
1742248
776593
1717808
2079479
111496
870196
1234395
1592678
1198688
1134959
97984
780792
146198
269527
453544
1178932
1277651
241615
372495
1243798
47317
939809
1285620
1806362
1027771
1944629
1886215
1051405
1563240
1444739
1965545
1165274
429768
188644
866000
987400
438762
1763045
2112355
1226530
2153352
1057056
2046043
732096
1194706
690030
1610383
1524415
861072
543659
2299057
1381574
1082689
522737
389798
1031200
1722962
860112
1148054
1006923
1437794
646381
1328538
273881
1889849
1850807
426318
2402150
1119278
1786590
142567
1243681
71342
873041
523883
653929
1767006
1399013
54150
403172
1563675
880658

Case 2:
2055157
3385953
503037
23097
4124978
3223660
3348901
5244
274956
2866584
2096887
260774
855501
3698817
1374612
107278
155929
2849629
3179594
1547799
408001
403718
476354
1907989
1217034
614378
2494393
554802
2061777
1506660
1608754
305014
3203599
2821165
2637622
2904499
22886
2986065
2477159
683895
3716846
4072569
1142273
985279
1984394
1909532
372261
1280401
363578
730549
628859
187493
133134
767997
496353
2926984
2533000
168885
97371
156838
812076
2133574
385659
1388025
356102
2684593
1187157
878655
1329661
1247932
1586566
3506128
29499
16342
2968756
1618640
1072854
2898248
2930686
3008417
32313
1713712
1003993
3301073
1628323
775981
3214693
2347304
206722
1920499
2350403
1352018
986937
611834
1515271
1962843
3284966
142032
1547601
263377
158149
1286867
629002
868034
351725
138973
288782
831327
426795
1886940
149115
709253
2559672
539293
2341331
681354
2105782
1717642
2870899
1472794
3615544
276192
1470440
797569
1920403
1368
1920552
2344357
1929361
485215
438461
2895356
3968783
1185437
254201
403661
2189116
3370218
2353082
1338028
1889531
3367108
2358521
729374
591898
2461805
1135139
2472908
1598505
634409
3223598
1520211
2835036
412235
313056
488495
1125451
1329275
2825755
2144293
1363907
920710
1959151
2245702
558378
3443023
129740
826542
85968
384306
2845450
1277773
2727172
2125949
395508
3566322
2851171
2356699
924279
3411799
3076329
1600234
3005484
222768
3622448
927490
4098775
146299
602069
448350
2202909
2038904
723287
2656112
205411
652120
1833824
3696492
3186216
500594
2724684
2050693
1738416
600737
242778
3501382
613198
402004
287341
3329486
2822339
138331
1802992
283936
1706505
1689181
807792
2561229
1945780
2318052
2003178
733974
3175737
2940377
1005109
514428
144776
1041030
2808880
137170
1918279
3436555
1401618
3584579
425501
1121481
1302657
1430301
1081741
2193559
878124
1761866
2193973
1283849
410467
2482507
2574135
1550241
3565986
3127876
427458
933840
1414929
3258818
490708
1004082
750071
444377
959390
4025829
3813996
2211356
1668601
2748868
715073
374326
1691785
1039905
2621028
266969
2760466
1909670
3015785
508941
1375743
1297224
2970336
3153065
3507379
3904416
729168
3172521
2170680
2510309
2155283
3175135
1999963
542269
606862
1093467
708396
21834
1530488
141267
2208843
827643
924371
337945
245841
2400799
1560722
2603972
162896
455743
177216
2982634
2599258
2174166
3668729
3379698
1043634
2392034
4207253
2430863
2424967
24402
75665
1651667
2768729
32202
1518526
1959974
1050167
1035813
545707
3085232
2601292
345550
338383
1667565
410183
303233
774693
491281
2598929
825211
187133
682065
33293
2225231
2680601
1775403
3029965
1722007
1499241
15548
2031632
468289
3583944
850392
865950
627639
3904298
1548234
1118990
1146047
440805
1961307
846051
305061
4350110
2151805
235550
193297
1117175
99808
2024972
480279
1534803
127987
2468383
2472142
731307
883960
3594325
2043494
391570
1007347
1315
1564878
2403815
390918
877047
1565307
1322457
427824
2742691
1737374
740456
1797500
1690987
3826085
1678208
251158
271455
1111336
2085229
1016918
1103409
692599
272843
187228
3320657
398304
239022
2879017
1387420
2618908
2194097
820481
2659107
701028
3019577
510944
1950391
695708
2537079
970468
31823
546541
265962
3107178
1018300
1659653
956558
4097625
127442
3550070
629216
2620083
1639839
2760740
3145428
2433262
1780288
2226134
1785921
1938735
3721516
743978
2919896
3630613
449934
458540
113523
545778
950118
3345840
205170
241969
39096
1856630
2112111
909343
545853
250123
914620
2405432
726852
1662350
400001
2850558
963266
3475171
476034
103924
2881174
1281323
1261750
200874
1608628
341924
1466195
1001980
2112631
2319404
513176
2556414
1594980
1405187
2691268
668657
2392885
2373519
1939889
2248684
2563747
1925069
1511648
1279067
1252927
2548642
488846
580373
283891
2145108
1425778
2189545
875765
1707735
781593
2733773
2106274
2185227
1853110
1653217
29248
146068
171188
3539892
1169984
1722769
1034174
865646
1597930
1266311
1271902
2077463
1890343
800709
54970
311780
3281735
2404379
176002
1174733
66804
2303985
1022882
2612674
3883854
1370377
988709
885161
2605420
265407
527774
2874251
1530359
2225597
3276125
270608
941010
1807397
551156
2112042
251774
1060034
484747
1584739
784807
82341
2193181
3580298
4219675
454092
1843998
1412477
2897305
1402286
1936599
1521151
1575115
3517863
201383
1761551
63754
311614
719149
1821220
1093522
543730
2458730
470817
1374130
1418772
1769385
1859437
1022752
1804766
1831253
2450322
1367208
34796
2307434
710500
773720
1736274
1166021
1477243
61210
1093229
416401
531659
909035
657932
2082620
1317474
4129827
1782373
1303161
847073
226065
637719
2755324
3995073
1934176
547493
250709
1269367
642214
1474552
1188699
2281350
8272
262778
615430
1221582
2151771
2805618
1476753
290778
1911563
2227520
4067460
1894709
106915
1912248
1170157
1613271
2072578
1666285
1355692
819561
1533081
970652
2315750
2852550
457057
751085
95599
2112589
740980
2698889
12416
3362657
1818115
1654754
2108179
853357
497320
446637
44245
80861
252438
4010481
1357598
1487019
1500624
1729706
1387392
4104213
1949010
2914917
1121210
3480196
3288316
347660
1054017
959856
1227239
383870
137640
1165444
401421
1122508
3146446
1775944
798989
3554909
2476336
3193195
1646605
722542
528956
136306
330590
164921
1184526
1467262
275786
4377060
1992651
1026337
196054
1138737
3656282
2043318
4083723
1192385
2421678
3756670
146593
2257359
2625241
1880231
562650
3949842
1316538
304085
1334190
1937859
3932960
467147
1468818
1578858
1436693
904277
386628
297592
2538547
4040476
210837
1509274
235269
227259
4184511
709987
2234138
3562128
4263768
9691
627508
3766343
1580588
1210528
1798556
560123
69145
1164600
2953588
3276426
1405852
2224431
547824
4246960
2786514
210429
1135452
909955
3707856
2208299
2270948
1828220
1961860
1524325
1533315
296649
1309683
4033138
1589936
868096
1703371
706067
1488356
2047585
218168
1508650
644279
3190954
1441591
327860
6706
1695225
2837325
2150820
1919079
2631652
479503
91332
733261
3393676
1962358
819236
161095
1019616
151522
639079
775100
1812929
1884962
3534862
906915
2475880
12392
848444
772527
257432
2383240
2257827
622460
179900
861206
1400717
4107098
1626493
2832557
159507
1817515
1836659
2684848
893501
2861588
90675
1132235
296544
2947282
395893
557104
3227439
2079547
1629107
1428925
475125
1538096
562230
202129
20435
753578
1407015
70966
625828
859876
3475520
2704761
1859899
361483
2616685
524620
2146848
1283333
74532
859490
2234714
1308767
1944195
1340667
2801884
2385954
51206
865883
767274
1595445
924905
1315551
357998
893083
2021264
1662653
401151
553680
559339
1389502
3523032
1675795
705121
347330
1377570
2745503
2258380
2610068
633706
1022953
134247
762154
879769
892371
1446651
3194701
2444414
2103655
736901
434732
2233596
785253
2096783
768228
2677405
2030698
664871
1860555
1437269
88002
2566376
2169728
1085904
2560967
891314
1202177
1194713
2190798
271111
1398833
551271
2263622
25088
2065720
1332500
772761
2669261
1803415
766131
2819512
3702697
930385
3209477
239918
709180
603097
2938807
69318
1649331
2705169
2352779
1673819
2791907
3259575
2915936
3880259
530471
816329
3396018
2586576
934678
1645001
4104149
2115111
572056
731848
1132489
1234856
401752
2286361
1645423
443934
2280287
841367
1350755
2255205
1042623
2925370
182113
478479
454475
2132017
2077608
281407
561830
1405637
144675
781571
1766753
3845500
267505
559266
680280
1672376
2678410
575525
548064
3087987
3016577
1176152
2949334
1190147
1004281
823114
406481
2639165
796323
2094395
413787
8456
429207
2389917
58020
2574906
2779181
1747149
9107
3453985
2533414
174933
4000942
492
465248
962217
1311149
2894428
1739386
3358208
2523165
1478857
3682399
414126
393940
3175355
304642
1796583
175592
2522524
2260912
1492488
1062519
800283
1340235
3324251
660047
2511617
1280343
2000216
400018
1649853
1380133
232025
381197
1509437
2445526
428933
621358
1262575
710127
1683211
58598
108881
391092
3083275
1817014
3805103
306828
3567083
22536
2579052
1126188
2550330
1247518
462438
650688
1446658
1339188
136262
1296759
1565402
1200214
302261
2371442
135680
859038
685649
2811193
2680996
1626120
674263
127080
31091
1370503
1400816
463132
1744318
250887
1094045
923735
2152825
2299836
274022
617906
40346
1316123
1603267
2478861
405458
2393884
848467
2482017
1998140
3129854
1648862
4047252
1956381
1235181
689503
934270
1711814
2584481
2724990
399471
342882
2047251
1922884
1107153
1809334
263865
269264
1579414
2085581
578234
126232
2186885
631100
2424934
643306
262645
3229865
3205613
2623728
3078233
3475227
2456857
427577
2564781
1460427
1362656
1964394
146579
119710
2558773
1308067
950241
425603
312471
1548683
1241460
1877355
1601960
604414
1953504
247495
525828
1017855
1284750
1348576
2618925
3707559
1329687
1777571
399314
106000
669615
2241021
2807684
178974
2207058
597272
914063
3260440
2937119
3067601
3002708
413805
854132
1184978
1357803
978811
1253182
2136584
1150491
4006434
340702
3371919
1091414
3337229
1149289
532422
2435989
800403
3242227
2362050
1618025
2895390
1047903
3011705
1261163
1072211
1597795
1019380
3778474
2626411
2639333
1721397
571500
2884253
349224
606678
253983
1022251
1629774
997972
324281
502565
53400
3559360
954409
564174
1743565
1530477
2098170
1995160
263051
2277287
44794
2102342
2423095
736006
837197
2285364
1082687
2715827
1065038
1929168
147494
537563
1040348
646586
270926
2227403
2248914
1488994
2936589
2334803
178043
1086268
3374796
1348183
1387969
906633
1239185
1223709
424247
1432900
2247987
613186
2757106
695394
2697447
2454944
142339
642511
1688281
436232
462796
1383178
800552
373250
2602811
18754
1702639
1839850
1020565
1787748
2939857
1675559
80549
99936
2494586
2912342
1009294
607795
59672
3257610
159702
1442386
636501
2539226
1037237
2808992
1763406
294432
1264240
2114596
3127261
957744
179535
605951
495598
3477478
2358084
1359876
2356272
1637824
2944440
2353091
1518269
488831
2641784
1057559
1626402
449667
646041
2080274
2037278
31413
2247252
1471443
1983702
840867
1178901
2801897
1693465
1725459
3609582
200511
1993787
1809741
1901277
1991663
59587
1638274
1291575
3017548
4050881
3675108
2473418
931020
421187
785899
213761
2496720
289882
3585339
3989290
764521
1301187
129643
2886863
376867
824390
23839
532622
2887953
3050176
1497025
1299181
1212324
1590023
583816
386062
2480062
69091
2021632
655864
1292065
545693
824794
859202
1437477
944441
3213625
851364
192517
834001
2321914
1620090
518954
773823
2382161
3087045
925259
861718
461205
126596
1116700
200723
1978668
332544
919587
1885222
82769
2670829
1625158
983471
1742714
625565
2196103
2125025
1180428
445364
343383
2725373
295263
586219
815586
1139186
413951
2345487
2212979
1761064
915477
615118
1968986
738906
2564008
1664598
290344
3849535
2128791
38983
869936
3063895
2162829
1019466
1739782
1852425
2616126
379894
2873299
1697070
2475540
750686
1696831
247152
711853
85759
2144228
2038946
1776281
1808241
1820865
3372360
3309427
1099054
494180
380328
1049102
2997766
2079812
1628385
678128
618095
1441991
304552
880353
2932109
428137
1934181
1871060
3447634
872520
259004
462508
807870
3264418
3852407
1089171
2341694
69687
114533
410483
3607435
1290067
4240737
553679
2391534
720538
95092
1714441
2784131
357658
2677617
264266
2669733
213631
737010
1932904
2044619
2165200
380566
2130711
1939468
2948009
211119
1184057
3238603
1461724
2819452
757944
1585093
569162
2034306
1093756
3529579
302813
1245375
887280
327787
1197709
745120
1191521
1427644
1766080
396587
182956
1208372
51336
2183448
2121504
1124817
1388532
478581
1709771
2331826
128086
1507486
641296
97257
365303
2395911
3649808
1592796
192594
2938129
356789
701287
1525838
1065780
3226429
2068596
597214
857937
217989
1766562
1351274
720291
1096426
3477381
515430
3026777
1846176
1219451
1280349
1776574
3377466
786102
2811542
884664
244928
3269359
43319
2151657
3007977
1611751
2276052
2037078
1860982
235550
1006539
515432
3690671
318074
2525811
268602
1253737
543241
1006136
255738
872177
2359870
2984181
1687505
492214
904834
2509591
2980497
3648943
601250
2817957
3026253
612834
1926995
3095011
2088884
820557
1810252
33765
2316315
1353446
2458198
2634346
3883658
2763235
164057
3348805
188918
701147
1393883
1227632
201936
262507
2839051
2270341
1168881
2095381
487977
2089876
2530689
2197223
830421
192879
1314264
648506
1109321
1736763
3417581
901180
1837364
156513
938446
850534
1214770
1933399
8787
2708424
684860
246664
554686
818868
1297773
2607949
1560409
1830004
1355219
816286
1321470
3432265
1837536
837891
2071600
2129638
179591
1636389
678891
3523571
226018
567778
593005
2836131
925034
599379
1098498
3256023
2120069
1559989
1013671
1208393
1433398
71895
462900
3358019
3119288
1465521
1405755
308757
265299
1503091
2090199
1532388
75428
1517181
194405
1223957
2868415
2047965
2329640
2431967
3197392
1631175
3126490
2280681
3045990
1225532
2963654
428241
3922750
1618912
487304
2487543
4156191
2868675
1262663
879890
2063631
962392
216969
1583654
1257084
1417980
817424
1737361
144427
1779908
1014548
718800
2826007
723244
3352576
2140123
3404937
249367
2861922
1103844
1136139
47421
2088190
2361320
252665
1354872
1821023
3699467
3045209
491928
2787554
1001867
3102605
133170
2287282
544132
3814852
111222
1183901
543888
1053463
1159783
4014929
1528442
486077
997387
2010558
661235
343344
1130258
2777663
2614025
2838279
301254
1401072
841995
848485
1899676
1584580
836859
1231892
1971875
1968115
3362991
1724002
28173
2097184
160925
1589711
850411
2658427
2701549
1023945
134453
1673356
2431346
103898
1067700
2329959
3497589
1009990
3854591
2736160
78796
3713649
1221563
496923
653488
2029382
3613144
757369
4260175
63004
3224297
1344460
604272
1078811
1575382
1998734
1897944
1278567
2512604
2730663
1397406
1588028
2704034
2060040
1526269
120165
2867984
2717053
2167094
1605292
1257177
881129
675697
532800
2255610
3342561
803316
1208536
2096290
2993456
1827755
1603877
630963
255920
607932
116323
733563
1233082
1628346
2280998
6540
1931642
154295
75420
692441
1361003
199344
788378
13423
1972842
896904
408567
2651311
1871905
1098149
1781859
158609
442937
1692455
3982480
681545
2396121
3086830
3437223
2602920
1286389
559551
775602
398550
1612432
1311387
225743
515562
1655224
75055
2399891
616249
1502541
897949
1436
91793
232165
2109494
18388
674196
1574039
663524
2275793
130935
308886
2867332
3572225
640331
909091
1558622
1391579
3421231
2132050
1200363
1730315
1181586
68952
660994
2260629
341319
461226
1124031
1767820
89410
763744
230179
1214093
4063640
1601112
690941
328589
2410680
1002880
78845
2056192
1867141
738300
176568
2437573
1550767
3498918
465097
560152
3235338
2909004
1180679
848707
152194
2553333
4114724
407437
2747461
2005362
3542715
3177875
417433
194560
1910645
41965
1525001
3931593
3810723
325033
2246995
1108909
657902
575545
730669
35547
157737
1009208
695240
2795756
954527
245079
1965748
744529
2043578
75736
48538
4389677
427768
2969995
1113691
2100235
2472461
3267859
2026496
164441
274060
1599442
1129144
407770
585768
1659098
1886022
1620224
1357261
3409139
1527497
11288
1626025
470648
2040285
890292
2904601
892618
2484767
3302731
540397
1082630
336303
1158870
2249016
1606145
1715664
847904
24616
2147330
868962
2559571
4205899
3280438
1553296
1282370
800557
1504857
1960999
264064
580900
3442994
631590
788467
1817823
13433
3758791
424688
1769483
2987505
174725
986222
3324068
915512
1603730
1958732
3048458
667290
1723313
641799
395404
3377602
793732
2874332
714017
3620109
2290378
530549
2571200
1646088
3107622
172415
3183710
3457006
44256
1120961
1488741
573522
2892170
2122831
914475
445835
216235
182677
1439216
984184
2491815
3643317
164657
2230757
2673275
459702
1255608
1572884
2839641
1101669
103979
1262118
1764658
436973
1365821
697790
958353
1220039
893432
1056328
3657657
950469
185967
1839967
395539
616661
926162
228342
1383113
2629305
3316999
542647
47689
1379055
484380
745489
2560766
1325737
3660113
1020264
2697116
1695931
1131231
1480516
1850213
3819840
1505639
526761
1863104
1261852
1309119
1492399
1678308
2313615
1700884
370194
2840851
3429379
398696
153977
2313380
4255162
1307629
1698864
2492775
395363
3587609
1569436
82809
1192051
150413
8593
1569190
522959
1715709
573125
2218469
141431
163628
2580975
528038
1671455
355099
1248875
206786
2414963
149574
1913586
3211778
2532002
1753387
3497532
620267
2311755
179717
2434521
1893809
648704
3343996
1873146
1746483
3398264
1466161
770743
2074025
2630680
793565
3221676
45143
1927168
1340429
429851
601972
3470970
3864302
2512971
1841345
3879616
1779406
1518361
563762
1698500
1253731
2392772
610109
551720
1196521
690992
537267
794251
2497563
196027
255968
3981800
1474660
1492296
3438617
2542379
158011
3428254
3130414
1602056
114291
20987
4030156
2045765
420500
1021864
457365
194904
410765
21216
718001
791855
1550191
829859
556884
746533
1646883
2350056
864042
2083724
1871137
1314646
596809
1720545
1278528
325211
2771775
2667044
2582468
940083
1839123
1649994
698124
902279
1796670
969975
25774
2545874
321217
2984144
131932
1726023
1276833
826021
2789180
1356594
303444
247394
380312
468038
2464729
513354
3560383
336667
1867779
421902
320356
2163090
629964
409706
470321
2997797
46930
2780598
563745
959153
1290432
1653631
1801180
24115
1341761
53815
652127
487513
384221
2204982
1117412
3059612
958221
2759751
2076464
3658697
110067
2721518
896320
230048
2016642
3350128
22298
2164586
615365
595091
394699
1843849
295820
1607852
1928677
460333
266668
3686447
920951
806211
1639692
3064004
409245
764355
1363717
53167
2701856
876065
698593
980433
645053
2391038
1117764
2023659
920582
11072
4248401
110095
3581589
3868278
386052
56126
1450005
741630
501335
205420
3032439
2149870
268673
1201826
646397
4322560
220360
2521693
166384
1814071
1571377
2340237
2120355
772536
3449861
1597039
1235755
1136792
1185565
92041
714161
1145905
1341947
2715421
273339
2406241
1191214
943098
463333
472493
3246873
401042
1602821
1308343
336868
3483574
1799275
2946710
3353294
274907
1031760
2860709
1908125
956400
596198
1575472
536631
101102
1051916
550491
1147441
4012
2192668
684909
1395934
758735
1802353
245659
3038548
2711570
2169900
1178355
497551
737632
180499
1632470
933203
737097
1911680
1477641
2210206
575889
2751142
1578332
611144
1346974
167727
3597136
446024
1485884
990789
3911839
798795
195672
2715486
1428490
330448
4149553
754442
285876
1154622
1202725
416723
2167665
1328413
1110581
649550
699661
88400
460708
3666000
2914670
1873055
179697
1380477
1280210
2700402
2519395
1454182
1864245
3093630
1100785
1018131
1565998
2517297
2942575
2889291
57737
936169
941692
3998652
1223871
2191761
2161771
1230844
1706730
2129283
2114248
1125360
2035872
2119678
2289597
320088
763389
494283
3241098
1650753
2385631
1820904
1170123
206313
3210205
28730
2832142
1324268
761810
1767753
2264035
3634098
3082347
2314429
594373
1202416
2626272
1135844
1788981
2748329
1650897
73323
1311760
1426679
3952596
1406943
891309
1848638
765468
506456
2084924
930488
1668577
237787
3025031
4187995
1637781
44566
283410
2981447
49841
1281851
3606780
1849481
911063
3797583
1119561
593616
23215
1499664
2270317
1151164
1472678
652711
1488915
2310450
3324112
2017380
1467176
1831973
204209
1613065
1728921
1022572
3426409
658527
1163607
2606693
1900544
743948
717893
1260965
813338
1202169
388744
2728725
283346
2020213
3612829
1111045
2087682
563219
1666637
327916
1247064
143706
1329776
1845861
1066246
2104272
1061481
2338742
3298196
3355772
2899109
2068678
2872443
777417
848074
237642
1205067
2107314
1923736
3147328
479587
2565087
553558
983719
2068067
192075
161388
286376
733361
2436220
972778
1004052
162069
696147
969957
247543
27727
1584053
1145026
218463
535550
394459
21748
4078371
3967418
2332963
2916687
567597
990016
2714641
1766921
3767848
289412
2376808
2624847
2511397
1977787
655241
2654717
2634570
1166263
678100
1929330
241616
2740887
538834
1255172
1144823
621663
1741147
2304754
4228753
148598
2532822
421595
918179
3209921
2315459
313180
3081596
837887
560352
1341366
1757094
1786863
2012457
2831897
2293133
922743
438510
2141771
1261309
2202858
892849
1469745
2910387
1908842
483752
2102589
2912981
2164094
2508954
1961357
3359278
2890291
857289
2152794
3961505
8359
1944215
1233254
520577
345796
677320
474343
474825
1114277
53094
1609403
1698855
1277148
2898186
60472
1116398
4102874
477350
1409666
1928236
262704
485058
394264
2573806
3030823
1611708
2620480
1240071
1094867
410164
417617
441795
739335
192439
955446
3481770
611035
2582413
1432278
3120909
347227
3607203
2318164
1078366
757039
1611987
1093540
1634852
1667670
1780823
912840
2274410
735885
420038
2556951
2032009
2301437
1103683
2781612
1824345
325167
2074663
114871
226045
2652716
49703
586054
925936
2888035
788052
2098911
637829
549786
1822946
898136
1058645
1987868
2266553
2265702
1038217
2469965
2168174
2936084
3845502
145140
2126248
1703164
904696
601115
3589068
2713126
68768
3145426
2473242
138758
199582
662785
625582
4273886
1010219
2554576
3138192
508590
1261664
2626642
1333017
219033
1897211
575328
2675995
537824
1163721
587558
1410527
3133786
2467603
712315
3175613
137219
1668192
1686662
3224784
3496856
1744782
720173
213136
3311274
1012923
623068
4029810
746176
421684
1043075
2618123
868853
1795363
1462381
2691938
2536454
866897
349331
421553
883409
852037
1598175
1212355
477817
1568561
1756356
2235485
608725
2458985
351934
3539329
1372126
1973639
258380
419012
807520
3450291
2410347
1382671
89308
3191092
407603
226537
49709
59448
3134924
2989388
665972
197558
2174520
808364
1871753
2079259
3620557
1394843
30018
1780057
765586
249437
256970
564970
580668
797799
1337141
2682988
1923501
2167941
1762469
2579727
2811472
1531856
257081
2087900
2309286
1924490
2764786
750370
1694951
2229991
3605573
1655185
1220149
186729
842024
2287312
390065
2192451
306887
3659613
1447386
220834
1192364
312945
72791
541060
2864033
3212681
168951
3963647
439219
2087028
2997416
2479763
2045868
212321
8348
641361
431956
2123746
259977
1919824
1555851
1015380
2870491
106222
3566212
1115012
165999
2504437
788738
2793128
957592
4112034
2697060
3748975
59373
4324751
866081
208796
1503652
2393532
1979191
722743
258221
264393
1112654
1930434
1698948
1605868
1875250
2452983
13994
628721
2362265
2776680
1476558
1617701
3013583
287088
3413692
1910975
1306984
364446
2627679
468041
280849
2569192
2056062
2342005
886912
643874
238251
1983338
1734953
1240496
3057337
757067
495213
1714351
523884
815564
51365
2044347
659518
1480667
3140010
218808
3385257
607731
754612
1204562
2748238
2204902
156260
431696
388628
501816
91649
456919
81097
1462594
2643982
1736121
1446928
2013149
2509984
2209940
1585476
2318690
436130
410824
1734338
2411080
4356092
1703498
6155
3800954
3575652
24983
2251849
176538
496247
936786
908211
2480060
2629215
3959226
697318
255698
549795
2933200
2146938
2852993
1714450
3670119
4280239
2706334
1513071
1931674
185088
2238126
1555071
4059310
2130106
1276996
917355
1380834
2457399
3059743
419186
207939
2677537
2282216
1976031
3330828
816085
995197
640788
1750453
2168410
514748
953514
233471
525026
3619003
576082
723292
3699960
418189
294902
1701575
2263574
2456940
1730966
2223492
535767
176943
111979
552744
2288339
1667137
2253114
1225787
2555561
950496
479792
771637
2610193
3428496
41064
4110818
2507275
201326
282151
31663
855794
2588250
3467282
1554518
3306289
3063202
871040
763798
1446747
2666523
814305
26586
688726
3469100
1561484
1219295
436005
934559
327574
500272
135256
768719
3528064
441133
1473494
969195
1112133
368587
1769099
796421
39104
2120084
1395028
1556443
376553
1698819
227095
1418734
2274696
1953508
3886287
427918
1520001
331176
273287
944999
2030316
849381
1437291
2173738
2502906
3597387
1174639
396734
1075053
685012
877886
3102498
341341
497216
1332628
1681292
1657039
771160
282658
1580704
21703
197372
169344
3335030
186175
344141
1155849
104157
1827876
2328092
446909
246486
2314983
200235
1348473
2005469
1542394
1019668
1880968
946540
1349855
2016386
2358505
3448957
3807990
1401602
1798287
1636220
629410
109832
1412090
1304933
2205231
3963375
3197590
79985
937090
1243239
3507564
297384
1644133
891054
3074999
1931342
1619614
1144308
198056
774996
2931506
452325
1488176
1577423
943124
1925889
514808
115503
1805980
1545165
1854269
3726026
1701106
326510
1817974
1240193
2238643
2169771
3868269
689659
550736
2644333
3365365
1523933
1937786
1437633
726523
2583438
1120629
1929152
1337766
953889
834790
2792760
330456
965656
710947
2927660
340627
165730
1480617
232238
1986727
1246714
1002771
2356883
304825
368546
993539
1172945
3921866
825505
1207709
129671
1359905
3569308
785215
1452101
232214
1658583
3479626
255308
540565
4265169
579685
2247707
1581633
4088288
2320368
590018
64519
1473206
2496691
1051680
706429
581080
3495089
1216959
246752
1324850
380123
2128737
4134340
1997387
980916
202051
792954
2921164
2355340
34135
270655
65769
2472385
648626
2517958
328314
3465384
695605
992299
1373206
3000150
1663233
523347
2824346
452952
1915107
2863846
476471
1002715
1704920
65901
344654
1784135
158322
2363857
1688296
792010
2249713
1589289
1042674
1265498
1048839
2038417
757491
1123835
657498
838390
53520
3740886
1360429
1749809
812311
495014
1508187
208032
1824811
2155424
2263739
1935294
418214
1073044
1146634
1742260
3868150
678557
1056778
1919371
685701
1520532
539514
1272994
776660
4251023
1706484
2114286
2707807
186052
1899840
3068911
249079
1794129
470397
1348383
1489335
2411627
1182569
265702
900401
184870
1743709
1212662
2574286
87174
701531
2799925
2712315
3101534
1771068
1942728
3651338
891074
814830
272436
647446
842432
676402
1640074
2454076
2467128
1843550
1894217
1018292
637509
2606066
2210769
1423995
540554
3108363
678007
3039718
665979
1527328
2396291
320280
676515
570715
2087408
316375
1450873
2783163
1085178
2762345
1258055
1547023
237281
1586349
1819900
3516915
936480
2034952
1028075
915918
970520
17763
1405172
2296977
320021
260835
779343
718859
868368
1313988
932755
3628537
863695
2827467
1272682
2019891
1188423
110997
95732
159481
596585
174625
2304536
1727274
2265760
1607950
2006001
2550316
2105438
1557384
1219475
1769337
2549664
3224717
831946
541129
411821
1452508
1786557
317213
2200732
715675
1820172
255080
3753190
563657
3952271
201015
2747998
105266
91677
2026918
2130492
1234884
663852
120979
2465210
2450853
640654
460119
2741773
2431154
1142453
1955142
1057839
185159
1287394
285362
815474
1767390
900654
750835
661793
1419000
79617
1672999
624571
114734
712503
960735
748036
927424
280383
2161265
721359
937956
2943494
677197
2197734
895445
219648
2156449
2553511
1750663
683984
4317321
1726270
2500229
1307905
462777
1999351
2894291
1329897
1742300
85249
1341727
604152
2089960
438200
633441
80803
611384
1854466
3004915
1876563
2893659
1096467
1583934
2735599
2079836
2640558
860432
649120
2214992
952777
1058932
199505
928364
1338583
1061567
259018
449295
1818263
2123615
1924072
2632407
1635010
302796
644199
568595
718017
925605
3232515
835664
2653318
2023443
1481149
32149
241142
966849
601176
1483087
1065548
1153288
2447596
190926
1286231
561236
2526032
1159070
2373915
1294567
3287202
596194
343372
3742802
1772660
1220062
2226913
303978
1297461
528086
1999793
2572997
1694129
134591
361416
3097348
313688
824377
26401
2127382
2062862
1591413
2012062
848111
2436609
2000642
1679917
2089869
1232596
842732
116205
3049740
754246
2338951
762176
997663
2579565
3541356
1123374
1417705
2770304
2067125
643425
435708
997862
1015578
2028171
430372
509006
3273885
1545749
1035686
2581545
1047631
3048427
1699004
1013615
438077
5893
129678
1302957
1391547
1750922
1289516
2918955
858573
2077135
548185
1815834
3566557
275138
1131894
2203516
1354581
909889
1315548
1570539
1376248
2841908
1531855
768573
330324
150532
2148343
656151
316614
587225
2418461
469873
342711
2404669
1644528
1589121
909795
718444
3218004
1898381
759346
328110
3989200
1560373
1356956
884589
572415
347657
33748
2111274
789288
1892721
3166661
3247853
317425
283582
3084622
1573857
1332222
3258180
369225
2129190
1846220
3503917
1807509
2332023
1714070
730516
1899404
3359404
37195
2768131
2283817
1535857
3141455
42346
806223
273039
1971590
474391
749864
3895823
502116
434970
757170
218956
52812
592222
1538843
368872
927330
1300453
3813069
2843339
343585
422092
3250441
1557262
1813424
166165
734034
397300
2772633
215099
660070
712230
2655608
2758102
1008397
459020
1591098
2360583
1292831
1453300
2731986
2030883
75048
2826553
1164730
284128
3531900
479005
1089232
1819450
1809892
978631
2234050
3155480
63027
1232007
784742
451846
1634084
4388810
1597374
1475791
2006834
482439
2701969
209099
1711228
3448651
2035759
1053083
2441915
2641660
3400620
1510069
510938
784550
355634
2166167
2739778
378399
1083635
879726
1499251
2490960
2604238
88988
1455875
2854682
539845
1840749
678940
305651
578593
3337351
885322
1051621
2678262
1807387
574215
1534112
2542834
658011
1441529
1194198
2820084
1072690
1388691
618807
1744787
351289
47128
954308
1196458
1768671
1960267
1188318
1793037
1311700
1084909
3765739
2585132
843532
1713854
1153012
2187693
3354100
1350269
580165
958765
2240395
1540743
1189411
2069133
1745001
708495
55885
1927406
1989424
66150
1060057
476762
2178895
275069
153098
2132554
1344228
162611
795426
4367374
1217635
130482
833547
669196
914585
843598
1234725
2273934
2613127
817997
2867772
307027
1062923
4036381
539954
3661068
1005342
1693897
1423004
1357062
1848790
461407
2126177
264370
1383475
2698004
1945887
3997610
2302294
1454788
237703
938838
2729377
426513
253140
744747
2437136
210370
1327531
616999
1975404
2863175
2674711
874418
120666
145095
799560
819293
1919769
480259
555179
1795197
1919420
378518
2062934
556636
956849
649074
3351247
3645826
2633135
215782
423609
3046474
3132177
695799
345261
329219
147855
2506864
1962114
3363762
1133546
2452954
3242632
2912862
320301
647771
176004
475377
1012044
1221834
1792325
2706142
519452
165933
1834552
1612793
1353615
210574
120420
1715768
1423080
1107670
166674
652550
326069
165643
784108
2719960
3556160
1024014
255857
16082
409670
1627720
1080324
2017710
1732690
997922
2701673
151214
4199747
1678686
307836
1631938
577254
1956200
299701
1625328
221255
2925689
1320301
1403805
338159
968500
435036
1608690
1848875
463796
3433571
265032
289532
2759971
163236
3494957
1033148
2005096
1238855
1984329
2424279
182782
2512690
195985
305462
1418417
151022
2843182
2748025
2008952
423256
241225
2313629
61783
1751619
1590871
2809409
2314979
485327
2242320
1396530
673147
2569539
3025775
70056
3148916
1178444
1312041
3443989
3082551
1119257
2976081
3571976
2579204
1394750
1208915
1046693
1321474
2307994
522494
2591169
2970257
3413472
529435
1650499
602975
338637
1297791
1572677
1670230
2486187
1806238
478794
3289238
516946
2392241
1385451
1118253
3441806
985587
2888035
3614206
1818381
2353833
485270
2285781
2354147
1488915
872964
1391570
624765
1179687
1075565
1428137
2677977
1862829
1666718
129878
1061419
1101068
1334639
200770
265875
502260
410575
1322224
2659165
2669615
2287276
3014053
344911
1147393
281536
202007
659763
152767
178508
1667812
4208506
1926582
2053599
1171730
29765
2901959
2592840
691375
1108142
1774992
1875593
11461
481097
451906
1475849
944126
2124227
1887006
707620
99400
72151
2473269
107905
213972
859895
1600487
1843030
2219911
307853
2581641
592669
937928
1206433
2577454
2056519
154769
3645801
683278
3088546
167026
1644503
165646
604897
597129
2282710
815572
101196
2250181
1357320
2715632
964281
209574
584305
2246608
693426
2582011
1321233
979566
3309466
831776
1001331
482801
379172
943470
1553693
337852
482333
1752595
716546
1382537
1288589
1296595
1069411
1283752
2516510
414645
256481
433817
130262
638305
1913100
2206531
105669
685007
2235873
357830
991079
1150802
202975
1960230
379353
3122716
2934761
1595278
559917
2078978
3451719
1647275
1976964
730519
453628
3175080
354117
791712
1702407
157158
2546564
923565
1578100
3672049
1999949
618838
4120464
41362
1184282
4270874
1044743
363208
446662
2284173
1250208
1301543
1430830
1756119
18252
2456008
2685346
2249168
1955979
3057022
1961441
1057259
3049747
469374
3142040
946241
472896
698914
1842381
1723643
688168
3947768
1550597
170348
177269
1625256
413242
1256706
1838006
1011530
707457
966832
785388
2568809
2477478
1113143
3271863
292617
433500
2082487
1021972
1037309
1988947
60542
1068920
1947605
2425107
2236608
687718
2398926
3079845
229389
3850266
3535092
993853
928739
1320092
1854069
3963592
486658
504670
1614972
676600
1351143
2838540
310542
433073
2400877
300554
2236847
2573222
1391907
445706
560417
1329319
1637947
240717
3062334
3648691
2851125
1019614
611138
503009
2038288
839046
408578
3324866
1441454
178009
1702027
795898
214726
1260122
276986
803487
1167632
1722140
1272244
1630028
2248744
2884172
188915
2819617
306456
344800
858985
2519886
1391465
1546228
2613237
2335073
30435
3039501
2433175
844482
3281454
2210627
2981129
2052823
469730
20976
1110359
2355229
741340
1526482
1904525
712674
2153307
558304
2450028
4020804
2481020
1854128
630527
3242928
984267
1379482
713288
379234
1092314
2072601
481269
999233
1012950
1647791
3190688
4420
721257
2625191
152115
2217190
2670723
2063897
952507
3613014
1154518
1434906
3255764
424129
373350
1262867
1804553
2453206
2638083
250642
3215415
3464312
2110019
2304715
96649
472962
377504
1881869
652314
16295
255097
702281
1420263
1366102
454402
3675737
378686
725606
3574
2698212
725299
1789829
3065041
218044
4225904
1201684
458849
2841183
8006
800604
1425774
2250129
857208
1869264
1146676
2082985
685176
402943
2334206
135119
117705
689660
1865399
882021
138735
1392049
985495
1396359
54463
2058055
1677261
184316
2905214
318562
884636
177818
843617
2384525
268057
414639
1439938
2138682
465013
421225
126174
3344194
3551199
3695691
899946
161821
1674838
843565
879202
263673
1502307
3324711
1553292
1656646
818543
1539284
365133
1276240
2164447
564098
1210578
842957
2762563
1031607
1749141
873745
2735165
1602258
624300
45473
28361
39969
757464
986110
208891
669304
3790729
2813018
634914
519168
939191
150779
3068604
763073
276644
811708
2387128
1011768
2588281
2576567
2676447
4149840
3581029
344940
830619
1298530
3307785
2658998
2593831
348848
1069906
2082556
1619422
3281894
182583
49278
133128
2334338
2543649
2950402
74831
609891
1108816
955269
2461366
1261215
1947539
1886936
3691736
2095667
315208
1495104
1318704
1220265
582336
1329521
2075883
3878712
2387962
1256485
2034672
2336046
2442087
2422901
3130076
940035
660969
841857
347699
1752081
1697340
2159932
1022077
2304922
380317
1943409
1031696
600295
1357236
923394
3147885
2520729
466581
261696
1058957
290727
1482309
713237
2173132
1091640
638984
834906
1267992
4018350
2969950
924964
1895669
1056674
829172
521715
1440218
2013152
1198803
589889
324511
786105
2231150
617943
1689854
98297
830078
145418
898205
236668
2710280
1648083
114518
433265
1554836
689128
138797
1068010
3091087
2398688
1233359
967533
563860
2461376
20400
3983889
1181810
2696120
1899878
2426377
1059464
309304
2712662
2891635
278282
3224097
2751959
569755
862236
1686700
837252
3999234
1826395
1813272
2240139
1081788
3801892
462761
3800017
3343201
170804
2713795
693633
739193
1801771
2153158
3390948
2337222
3516393
697169
2688323
535102
2170971
1108918
2603364
98011
1869440
1632225
983156
556897
2769367
1949484
569879
3430157
3051565
835902
169455
1102866
740350
50815
719089
1310039
1909661
2723893
1301169
647344
123095
2865219
107532
2429851
2522268
476721
258114
2063268
1542060
1163870
864370
1179633
650017
2132964
170068
2669524
2877672
3619710
180777
853235
645563
1152429
1810420
117783
248181
129645
158071
2835172
1866990
1535969
3446178
2815431
2537497
1856708
1281530
1457157
1526944
2327027
2181213
2867835
1475541
1088517
507405
3412671
905276
2407996
975761
1032832
703348
535664
690096
771546
2507149
1341865
1108027
2550640
1322619
892300
1590422
52464
2158070

Case 3:
479884
2310074
2449
528276
2533237
946461
1461328
917365
1279331
1438754
2955273
421227
357424
91339
2289574
2274092
1078804
1742172
2798100
781817
719486
1506659
119790
1579941
48154
1244108
1341390
34849
2931144
1238709
630446
1630991
232272
601320
2147026
2099661
1213752
403755
1872899
1514594
1897295
2547687
330668
68196
2196023
1521878
2362364
1185056
788677
397287
102444
2236414
1559626
2444856
1072673
819825
3010702
3473263
1323346
2187804
2314
406611
2733626
2524043
2310087
1041878
646740
2938852
3047122
1831489
1857018
1254814
2116545
2672917
854859
1980254
917512
906583
688770
2543709
508735
488485
1031050
1147087
2794873
2750609
1176977
3865812
886418
1061948
763711
2023532
323873
330004
1465383
2751484
530170
404268
2136736
88419
1053878
714195
1023522
698038
793698
2303808
1576560
1710189
2083987
2259063
470893
2660555
1317977
1592672
2554063
1494699
2017844
2808339
29827
100176
122508
2653929
2271399
236186
1289078
83376
1042758
317978
431602
274479
635333
2206950
831816
488525
365958
1900513
606419
859863
1321035
436716
2119046
1337235
3568406
1247556
661509
1048177
243407
2169477
1063666
305953
36924
1037135
1561582
1001469
319069
1080840
32944
917832
1465924
2379545
857323
2263743
1504042
375162
1504678
2030
325046
2135017
1310957
484760
243818
2065554
367591
839510
1903664
1111622
344634
2433431
993825
1238778
65843
600008
1353249
993969
3186236
16502
834309
1131855
545637
490019
806469
1996170
260741
1573870
211265
1805587
254241
457531
481155
895491
3272573
572299
1882414
1023493
642845
3734368
362380
661300
2879431
1494336
2650328
448402
535049
1610443
1847114
1995648
1178896
1025632
834316
1725035
1292842
3548412
1668121
677184
2807893
53639
3154327
1138489
2361498
58251
2467843
19386
494080
471278
682102
140031
2931299
1100229
962972
2469339
248899
997898
2086397
2914556
1293111
731364
360524
1100550
587235
2042771
1006548
277364
363905
350243
606847
1524777
992002
446416
2772728
1796451
1028671
835168
564068
745238
3760322
2043200
186352
519436
454958
3023208
119046
2987286
6553
1156557
1638018
1947088
238321
770436
875332
228583
1389639
201922
2631739
1145878
617009
58054
437197
1908076
2069288
244672
648699
1924607
1952336
2466030
1891452
2931927
734210
106475
870740
2594778
1281922
164222
1387005
3046643
91418
318472
1085167
711341
3553066
2307518
810294
748204
911753
2313879
2632162
3734230
896888
910968
965130
290438
853556
391225
941312
337202
1709098
2876990
212720
1762315
491079
1831848
147055
1171812
1356531
2097871
1760834
541173
2608699
1062829
2891367
1301365
58238
435828
1037431
331789
634402
403311
2248918
281592
1655380
1948102
1333193
1648047
469092
170312
808187
541056
1144127
633694
992253
1412442
2115789
619818
3724894
806104
927195
1579294
1889661
1768055
184002
3154770
3320615
2154492
1810636
1759106
412006
178494
3479967
1730174
1577146
2143798
2292606
883521
2128533
652805
698936
703212
1113213
858437
158004
243310
734262
760870
454055
2913063
2103138
172794
2132626
2576762
1714714
1649429
1360388
1792217
209906
1850459
3494005
1188385
3073890
74252
1798671
116736
2298830
3256054
2538401
396536
1806313
282727
1661159
1439868
1706918
3274477
1249956
932658
1810371
1224174
2245770
792103
970223
1890174
1847400
116643
574341
1131382
2020202
1442143
2739079
1394205
149867
312102
1118637
2955811
1671218
2674483
489288
292959
1254664
2501289
139117
2507911
1299749
90223
1308495
1681829
1166451
1347379
499503
1433826
1279787
2791417
697082
1218202
1674303
152300
1121360
2443003
1497603
524093
892404
528938
1757593
605291
793735
2230332
253823
129967
529836
450037
77036
1074790
501767
2731016
513984
2420411
989834
45839
3378833
1747330
1581633
453378
2020314
2006486
367466
1247030
1395283
2520201
215117
2040901
329808
475450
2456378
340181
2622840
1484126
1195936
2753143
2479801
777882
3328784
574208
2048153
269761
1983930
1547211
481762
483173
58126
527801
149943
573659
335886
1516791
1598724
529456
107410
3791682
393335
1954021
1762685
295493
728299
3043036
835987
961133
851831
786500
3337093
945594
102481
114144
849953
630853
1273946
735242
326067
3001113
1633667
2561864
2514802
2282471
3028402
393769
2403088
742241
865866
663285
2045089
327360
1203519
1839734
1308255
2464471
1562664
3519072
1229397
655045
1446525
664220
1027116
1862052
1994949
1892672
2187498
333483
538710
1610240
216191
338811
648870
298279
893506
113841
1822701
1844261
66789
435541
608459
5204
825885
793921
98104
1553896
2498365
2212421
945522
5947
139262
770491
1110766
1789816
424191
2334829
1517018
1046508
2084133
860101
87128
1340022
1697819
1919851
1359954
2112873
548371
791667
2744771
364835
46880
805939
332441
3330820
1727463
2089241
323254
2384129
2105818
2311473
2030671
1314373
2705183
908656
257733
679412
960234
1605645
742236
2225893
593441
1740991
469673
2490327
215765
1964008
58314
1120424
31082
1524143
2907591
145841
2838795
1742227
1240174
180853
1590913
698351
2177050
392986
2956745
142334
1083334
2194263
65400
1986978
934474
3656926
2060
1037540
1703628
888369
972601
397342
1615526
3108126
3015547
180824
1437173
778726
2670921
386754
3432351
1435451
2281438
1120517
680079
562472
752716
600397
1347957
484477
1515741
210978
467373
321067
2206035
741051
2839632
1610104
2249918
2020902
12195
3098408
2858708
159302
41185
673045
2113846
2258939
478804
358071
1220816
1181408
1213902
1031882
2818209
1641203
2108163
2319212
809296
1945574
2020085
2727019
2866867
484674
994837
1101252
512010
537087
1310804
1790968
468931
2615087
231420
1445655
1723097
381776
2474238
131652
1182172
2243404
659422
2179189
1955414
1009717
1702989
62251
169767
2910732
2203163
1053306
898792
400167
209760
1380516
1167040
799954
114934
1051319
2125181
1060867
2842794
1938
123313
1783827
1185440
658975
265620
730898
2243286
307281
225961
867546
2358475
1598286
1288041
544659
149483
9673
1815961
1296910
389050
852491
1068290
3725775
1466605
1736890
165137
396630
290702
2813241
975026
1281316
982558
2376922
2522871
3335486
536900
1677080
1203222
1570015
2753654
1579124
2638287
1348716
1838342
1190057
3297970
89327
1227148
331457
1813440
1055466
3618413
1117677
417802
1297906
282804
2034963
408505
3946527
121416
903637
735764
1245269
2268968
1818334
9000
1455928
1285831
1219150
1191295
981661
1912920
2244255
601746
1356908
3016984
1595319
516377
835440
989121
1827413
2425677
3242658
1172219
2628996
421385
1152440
3431719
2199100
2566008
1757793
1496661
626268
1969555
630713
1527714
288430
118830
2654806
2151341
215627
627713
1145372
468270
315041
719297
142706
749358
2744349
1353515
2417784
2037724
2340160
2038708
924852
635792
1820317
1560327
2916746
224262
1100244
1117724
1064433
3581170
561990
1697929
2306139
747157
1226058
101871
1118422
3630761
3261080
3359847
998479
1762196
212766
996151
373410
2868180
1242716
1889919
1811537
1354023
853077
237003
1564433
2554187
1703641
3556949
427578
1855650
2558865
512040
2867143
338381
3296890
897692
180905
11212
1996441
221946
1540170
1057890
1600075
2700762
1537988
2867933
1172763
1126901
3038194
1704412
260419
286391
1452210
2487715
1377777
2061586
234782
473007
359254
272376
1228767
1051236
2622606
2241361
497250
1404400
2051372
1932748
867895
1816257
428376
1039214
572024
836187
1133800
2000864
174001
2722491
3429576
2536485
330640
2651833
3684313
797557
3358592
2583833
24743
1777146
611004
270164
1004626
1101252
2762987
476888
473889
2882676
3521757
82994
541877
458077
2391816
1803816
2365658
238628
422857
1673240
2932327
396506
1964814
1013227
2160820
34887
65343
1387003
1075241
355909
1190229
665314
339868
416837
459011
2804180
465596
573891
562504
1220270
769552
9567
848438
2663452
2286178
929885
2672679
2040998
1836357
65499
1277782
779881
1869199
807635
1552075
1349957
1255583
1028051
2286291
540871
345000
316938
1473958
1516041
148934
835626
3412141
2573375
909124
478291
347131
1390076
2129496
1047653
3293646
1292224
1323953
1821117
1840364
1624118
1709956
229278
2338676
2453296
1628516
2770987
686199
1279095
2262794
1033338
477526
1399563
532237
87870
3016738
447157
2547453
2993048
27077
1841725
1523859
311617
2321985
1314780
305056
98013
1430902
1948968
367362
1448929
3162397
3586829
962657
1316480
1503171
1693216
2429623
1743450
2758248
2894069
2495739
1970747
1261914
1668965
2630429
16711
1805763
2179338
1457831
2348856
1022860
635933
2342467
1067892
600335
1254860
973146
914586
992790
2496182
3847199
1954296
3059664
1381885
1976920
76494
3073704
2556569
2444000
1409292
1670369
825341
435656
2885317
384192
1385448
494629
2083694
2136387
2213124
955829
275429
1126697
156138
1301671
1394331
2059198
876574
424987
783134
539165
1385594
1696122
1366288
710596
731775
413565
928190
1540892
1549247
1468494
1245405
603716
1204369
1004016
244633
2089665
555720
1999209
384051
1940443
1625873
2063045
457169
1645967
525274
509101
1535104
793408
470628
492402
345133
2609569
2892383
986523
1804992
1329437
1725636
471093
410026
2694077
122525
1581017
2383456
779163
174212
1375969
1275042
677382
1005955
1506353
2067294
795082
660493
134985
285886
1560736
553602
309835
568542
152023
2237407
299120
222073
1267021
1106198
338071
2366133
936028
1947080
56212
1345973
469949
3363801
216646
3605784
1477355
168761
1755485
1115118
1120170
415316
1716026
943520
1780044
1886399
243485
3861940
2165477
2313778
681720
970957
415915
534241
608224
1063804
561221
2439586
2563191
931812
151903
2532130
145540
657859
335045
218675
2068302
1837082
3015766
1633566
764200
1328630
161142
548272
1766401
1962615
394155
570967
134245
361275
3048156
2353943
1950001
1304398
53817
1345801
653925
1231833
3223234
1583157
2657186
2335577
2763692
3097472
274146
1476178
948171
147744
522820
418714
1411718
1260682
484743
75155
133019
207252
525727
629232
193142
2093475
1087617
883125
1684903
2061948
353173
507572
1714415
2050481
2136640
77975
685730
183917
1513861
36303
44223
1215805
822168
238072
3365569
1171813
1818303
2678512
768495
1498187
1845677
236158
97329
3162190
1753326
658523
973070
1046609
622768
1265598
2474207
1297814
669253
3970431
1375197
3511097
3284662
201215
593805
808200
3195547
2343248
3460183
2434102
1273973
58440
2309795
97502
2731060
594085
624715
1907901
3579394
1265198
2125529
1775978
1358383
1105135
60095
2762089
1518452
3165256
466283
468341
933868
2615595
250272
1563909
1584460
2830920
519938
530583
1520100
1565787
2544958
169187
602974
3815
212293
362261
123282
79525
1073293
453950
583778
1114337
46550
1632493
1200153
5628
410025
1236306
2304993
311684
456105
75678
1169842
2649833
1918216
2869983
1223589
1022630
3087420
89923
3038709
178783
1337806
2980089
552476
2401565
1646675
1957924
2783295
366670
3575974
177811
1458250
2245573
1489524
1886092
95150
480802
623666
1056680
946021
1320047
1454662
1033218
907785
288012
133458
213319
770956
70467
1880004
287873
488156
1911513
3198943
1514971
3240774
567020
629274
1524234
147098
2546764
435228
343061
543064
60053
1380937
549121
565399
1602795
1712481
2493782
1134689
662796
2440263
3066804
171499
700628
1044552
3421108
326765
396794
1854107
2223165
744999
1816188
3088895
1136959
1368960
714102
1158260
1834555
1606902
71318
301564
436458
2361887
684145
619776
2686091
2898939
535942
1401128
1076646
1389447
1378202
970583
105919
905041
1948323
859588
2602915
1298620
188097
144770
1194755
797645
1904141
473028
1129452
2011101
20536
887597
782725
1426189
1384180
2099724
1602228
3372089
519085
96972
528726
531122
1164752
2319205
278242
419182
150731
227467
1873009
2924285
603704
2274695
1027056
1775220
3462798
152982
1773602
747122
417281
1286090
724680
291071
132297
1290767
1104630
898484
548711
3484388
2633405
2447612
2224157
3636159
3110635
283315
3148056
87872
663075
613390
3615283
1130794
147771
1268354
2826733
2626998
3622762
3076788
216387
2162597
465936
593205
1210261
2714930
49519
766069
461980
2128040
1481088
1326975
2669890
2628431
1529855
57489
798136
531481
3393252
3489313
881559
1731953
1303449
2214456
1408379
2953922
2411600
668900
1415570
3058366
533411
2869246
1736117
1995945
744058
338623
2544145
1575570
997564
249346
1043090
1741900
153766
194346
3553919
2933074
1681644
612039
132790
502617
230744
1923040
2307124
368275
417949
732834
613414
2401641
1129743
3727195
1975254
142601
658071
1156154
470820
697693
997816
1648072
2576990
1186628
2743744
2857604
1128198
1329763
2242177
155443
678238
34402
1178379
1102820
1029393
2226023
1813413
521610
2530134
2273307
1199674
2054364
760655
1511314
3157372
696048
1928779
1652891
287194
1893764
1278133
3073748
1262283
56392
1055506
1367335
2085789
1053008
410335
790347
463558
3412026
1976216
1114067
1474007
754905
639377
1862328
617317
1458904
2642589
1124423
580406
1420517
270983
1873815
642909
3244828
586108
102560
111328
2004616
3620625
1150912
1321130
2467143
1474279
930191
2088434
44132
504744
1042187
2374622
3504820
221248
536578
372703
1143579
1705400
2716724
893021
974995
1328072
3200813
3196905
1989471
2464891
1089592
2158158
1252998
215689
506463
1745123
533808
1012939
1397148
1974089
899059
456960
626832
366597
1431836
2145539
3378705
305463
1196414
99078
1929091
2823060
3827941
192973
61264
454790
487383
319499
473679
867545
3582473
1621813
3857565
2451228
475136
1284431
2227317
1943722
2142949
618750
466355
1454900
82642
1666847
2320480
3166199
561994
2616802
3048099
1346907
607871
521304
1413172
1762191
1226212
1683212
1227032
1932711
201406
537711
1423519
2973664
3321930
237237
1590764
1852346
1808251
558611
1889591
706850
1104463
2490672
69371
3191597
306432
789772
2086369
1136516
2824985
125208
2429301
1009598
2883258
2932498
581912
1273357
685934
1277680
106392
2129776
850080
3455878
679228
2365930
3507521
570939
1911666
2058083
2325074
887062
121869
1751102
2872556
1121308
1560033
1701406
1387094
1112201
357188
2737458
7305
2730276
1183438
1690391
597607
1544008
161816
2266828
1137530
209708
1093202
246496
120800
93148
37873
533212
1980125
988697
403092
1191522
1610846
1408531
2212855
1635817
1551539
3711149
227116
1367584
1602535
3005153
3370639
887007
2474506
2292928
659623
2341819
1041019
1138002
2002786
1550513
793576
934635
44488
1046914
2537573
204586
1091842
3190247
597891
1212043
279419
731075
833341
1748648
499162
1484636
1024945
2110914
8939
315669
3408553
1328223
1334419
1145570
835715
1433193
426705
577723
271965
179376
260175
1621664
365807
1602910
487965
666007
1473380
1175707
3763714
320360
205503
31340
31910
1257862
1130903
101394
2268780
848232
63535
443841
394958
1405814
3073504
136397
3126605
2284368
332346
1288026
1915862
406732
1659822
1132360
165769
1206642
420458
477967
511752
121457
1895358
684253
827703
1108742
255445
575196
3871300
1689344
158246
2147682
2856151
55828
1912405
2555118
3278013
327319
833172
1019090
1191054
2985688
2632969
1304442
319055
2848556
1231301
1413507
2447532
158236
1572525
1951337
94630
2668466
2781500
747200
2523610
1168341
1936542
220246
511013
1296255
1934719
33965
539885
1212840
2354458
968375
1061775
2418877
77088
249520
227972
594415
435588
245774
2508697
1982091
838089
1676900
1010018
919539
108243
1376915
3637317
462791
1211826
453516
3083607
1383523
508005
1977859
2453959
294894
1196226
794021
99030
2134211
19038
3432305
1783315
1186526
501426
14406
14546
362454
393388
1724359
2382337
1313977
132071
2302405
2616737
1709513
605615
2249503
797736
1565724
3128855
2610898
2209329
1406470
181514
438901
2067053
859687
63285
1118097
2710053
821648
2996928
1021090
3066731
1829668
795900
1061880
775059
2568917
2524836
12059
729966
330341
170753
2831725
2633461
1702869
244120
1408685
2603953
278786
814938
2443703
1202886
1481354
974489
2823348
1479888
3384393
1463022
3235470
2238483
491159
1109909
414779
1728068
2648444
3321603
963385
736218
2748840
2153369
38990
482605
867281
340131
1018263
942187
2405032
839123
2797630
3323065
681311
1341352
2352500
2397839
1131386
492404
170312
56337
834873
876727
1628967
2133872
2243338
1458526
1134367
3684281
3218206
438377
7125
1290049
2638460
1018106
1530254
3332365
2287653
2609864
1084612
9856
227094
1799348
1002474
2296407
1498296
898117
212987
637147
221354
399470
1683045
744000
716291
562773
1974456
19431
2527783
2944538
3529665
233441
2712105
3685755
796633
2400717
1240944
2445911
1747422
711835
833588
556848
957717
3971664
1685613
605546
2596436
1005853
1490130
959462
2225470
482310
1071227
1331237
1294835
89414
609444
1596106
2405048
2076880
1845247
2981758
1178183
352551
615505
798721
577084
1242166
1758815
573562
2749228
476852
1672952
37206
740738
1018219
3674389
329853
117051
2270759
3160573
1472119
1541944
529370
1612437
2824657
710372
3121229
1170758
3519383
739505
1294819
1075039
1740715
1816197
2200489
1224570
2688336
1020646
1284953
3155543
1911531
593199
2703906
1176630
487969
1185178
2948667
3097621
987603
1108483
1222520
659936
338689
1016176
1035069
76942
814576
309434
1615407
3227502
1648468
190879
1220101
538505
38481
1120700
50666
2541359
1817151
210194
534102
1377441
804970
58375
361728
1849596
1584503
321864
1843294
1326807
302453
821005
233189
1844302
322013
135279
2730998
2634296
1670719
463229
2369784
2192959
349079
3021161
3292734
1440029
37833
223772
505172
588464
1759916
72098
3477323
2373638
1160814
2968921
2142090
49843
1920504
2306938
13988
380142
1634671
723137
1160568
916922
558076
1777570
3400964
2644790
104191
1863677
2813963
467160
131966
1152436
3540003
213293
2266602
2370551
2713117
242496
1900344
653156
1217395
1245031
2803582
1233179
663353
421689
458789
1534107
3823974
1526067
1661380
1991903
668024
3176617
739775
2585009
2368639
3545313
1556220
688796
69390
258444
874451
638982
1691637
458852
830906
2178917
1590245
323518
74053
956116
496284
1737661
449659
108655
3204174
1542109
2461500
3189243
1366361
3211971
1500089
286151
325779
1324664
2286745
2051976
2104781
767286
520973
3499920
8075
732118
1544466
3629058
299184
636339
1294439
348739
3406555
2401202
1196575
2580680
1982013
2756458
2331772
235954
3527987
2373705
575157
382612
1656949
261020
510135
2078766
703202
404613
417995
2218501
3105690
1269368
152788
1692110
2797332
1126429
1011790
1589667
1586574
1510200
1655736
2292295
317053
3444026
1683279
1202751
2666773
494563
826049
1932598
893492
2197904
585138
5992
1709993
541165
2119992
453065
81116
168252
542417
363744
2464605
524496
1157540
415825
2384417
3274569
1800535
1280073
396802
288560
2108696
398184
459553
1884566
3028055
420476
357554
3475992
337162
1186046
1749630
294843
289737
899548
2421048
2009812
1714514
2579108
864644
333470
1606077
2790942
868253
2829571
945889
1763388
844706
288140
3790608
676160
616218
666354
993338
589551
24419
3577997
700061
543387
615709
573809
1119344
2519802
3217136
2025751
1774825
1742313
2410567
3025245
1371204
3404941
915311
2389414
1661866
277502
47557
1150210
2355995
685397
884847
2791616
1337967
1534128
2695772
1174082
1864420
942398
1535843
1057413
2372592
309324
2031795
3196969
789200
2304906
106403
2358621
1210353
713600
742447
3349023
89493
727051
1121257
940899
2566752
46963
135254
2503903
721425
2208720
1021582
1839015
1510452
1478085
1749727
2281495
1276399
1236039
606294
1215638
990129
1616812
174891
1203316
505227
789586
1873305
645830
2831338
217358
487981
243257
465782
511722
753939
556662
2995451
2589281
1331213
2256899
1207979
1233090
3212564
952023
1627126
73022
794053
2229670
2127696
965134
1443366
2644510
527551
17362
1846155
1846270
1902196
344049
507266
902993
2951628
1680790
272548
1526297
330877
1498290
2933618
634729
1851306
367624
727668
2875884
2678057
1664692
434255
953658
1548671
1439115
3373600
71417
987105
137660
1996697
3363559
305255
823293
341022
2338117
1575037
712416
380952
2039037
207542
1641143
1639854
2328108
2982814
2179032
2811411
1183287
1359948
811112
1002898
1289596
68989
1350844
365201
218981
3359099
59049
3766861
2200248
1866383
2826685
990687
891969
663888
826697
2316814
1165914
29016
2969123
3084087
1071821
1956280
328918
1337569
1284395
239553
105859
1499381
146975
2054486
43211
424960
743431
557535
1796525
1338764
778460
1419813
1328012
567793
1348185
761883
2501200
1999724
2206669
85174
1551226
1614778
666647
961713
87137
714985
277148
1975053
2008162
14506
3395719
1195516
888352
1137874
1422479
635564
2053915
340635
3373727
1241894
98080
1651968
2227834
2585423
381236
350636
1209645
289974
307826
462333
1432291
1451962
962148
282506
356938
1520192
3223588
159330
874823
1588584
422219
3874493
1047011
2526476
464011
781526
1313245
1011591
1195576
90412
2376284
2815756
1583003
1086634
629864
1095274
95077
370606
805562
569646
652501
429461
2579367
3586096
14430
884047
522934
1763713
345734
2274163
1846490
626403
2550982
111440
1921805
3253865
2901556
763876
1662265
19333
3738370
1164961
1447880
399672
300088
768291
1068348
1502272
1642507
208061
3548248
389153
743394
1473227
181105
1676900
1117406
1254508
1639741
1101680
1400162
1499098
1645347
2653459
1537116
2853860
2890691
2371489
875285
695464
1273752
2588063
308148
526510
677358
1596516
885964
747296
655474
3426670
929323
411748
1235481
873980
1869814
95370
2297251
124061
1088373
1299777
333190
1866797
593153
904317
139477
3086721
437009
288046
2689132
1344282
978576
266527
994348
214097
621552
656398
3223788
2725142
178310
1689613
1662794
2910247
662277
111940
3262192
1201843
945096
1446474
2631107
2885988
1520959
1685278
3937158
13327
2293253
1477925
2974377
451701
534387
124530
2838491
124407
2377715
700467
867092
1361829
2363812
1148622
1922450
1475778
2071060
1026891
534799
1257580
825524
344835
1326908
1761347
2251023
3293554
2917694
1840419
302593
739329
1662875
894407
783315
547861
1376929
2290950
1519112
669083
1570556
3108672
1074370
346077
3686997
272468
2604699
1139341
2417744
840501
596866
2247083
1268069
2852914
282921
1294204
673886
775109
956813
1760917
2689092
1280283
400115
2840798
960647
2182411
2961685
2359591
2310358
3252196
1126288
414142
627300
1028639
2002937
446657
718569
1740898
3546847
932060
1652517
1374576
627681
523516
2170156
1684173
328580
266674
982378
156882
327044
614290
445084
2038140
1338758
740518
344263
637129
1587473
56973
623506
77556
497332
1119040
237039
2233022
1624942
2304528
3128376
859587
1941296
159045
247055
173075
1013220
524923
596921
509145
1875445
2697691
707792
271159
3378960
350998
2719666
552465
761039
1861338
520820
481972
903848
3178645
2725252
2947921
384094
155863
3237443
756924
1321669
428922
1344706
3150393
399875
1555487
1600254
1743688
5515
3194899
1214773
80562
2457428
3007287
1078227
472294
185432
2125833
3475976
1808867
252965
1590466
2673370
830638
196761
739233
805806
2808390
321067
1102894
2459865
360047
742883
1553405
981532
45490
1300069
1229829
3005616
1772270
2607984
2169363
867445
754539
175080
1615751
3685682
1423140
1011095
1480733
641816
856412
2989748
558870
2608987
1648271
640589
1730156
2388527
1190722
1740892
302540
973717
694635
699218
1632465
1017952
1255216
44009
1222018
3002978
2679142
489930
1799136
2336146
350972
1899726
800067
715657
2858851
2274917
181798
1493617
538513
249577
704912
1478961
174007
84200
2579109
2897896
2734312
2026259
1231703
448416
553366
1258641
138085
671089
869594
577241
329326
984709
1128382
2199614
2559117
107390
2010284
707381
1156807
2175578
1319234
2627691
1699834
1393321
245668
592902
1994494
864646
884058
905660
2375885
501736
73386
980881
386986
2263925
333562
1066461
1237337
184321
19858
555926
3106029
1327189
1288756
1254507
2956176
1128710
238015
3374015
693686
236153
1275877
2049667
32114
2433360
3094634
630300
2218606
450690
3143549
2344181
415527
301314
197892
2404223
3140258
1445566
534056
1670015
453199
1378328
3701868
1314716
475614
2462864
1237135
1970111
2407892
770620
93720
871822
3644267
719994
447544
2189567
1481858
211061
1178877
828327
939393
1605426
2389741
1300048
2592219
1305523
1257816
2836825
561639
2052030
2915980
1545901
737846
501055
1371000
446543
959282
2922578
798922
3935637
1702266
2220714
2972199
3321542
127843
214076
1979434
2796987
842440
752101
791534
1042941
3127317
458361
109158
847293
3041436
1567340
2264724
1239631
194234
2193959
2243656
1699372
1263217
1307406
302749
1746821
277573
3503700
1177611
393976
314264
1763121
1540395
1360246
302434
2884943
1185160
110588
2788385
1994114
1735015
871836
835104
447238
521168
4756
430366
61679
986159
1972911
1826210
3482849
1905131
690913
1193314
1934108
743264
2719055
797989
718368
2220685
2826354
2469831
745847
733865
2072907
3197299
1946264
2964616
2675245
8631
877098
939351
509056
148431
1096675
2957404
465455
1276901
2630129
2108710
1340087
2452512
1182571
3562507
1412175
32285
2410793
581370
1027130
638252
3065195
85048
1430023
1997511
1458971
367983
3567806
631772
378629
1872243
1246016
1578738
720120
952860
1702917
1113775
1183578
81486
308452
1887061
2693933
130196
1085860
3743221
1033211
291546
902281
2213235
268970
1579929
3563810
3447577
1988371
672801
555056
372255
1948882
187789
1514825
166699
619782
2759028
443893
246376
2467417
1629176
1527338
2419040
429952
1012196
2295484
1952186
489058
893271
1312274
265107
2697431
2015828
864871
217158
2733006
1270778
1884601
1160695
3043567
541040
700754
2633500
2829176
479634
9135
1487520
3563037
1316902
2228873
1252389
3062163
2537257
1628053
1417814
1033027
1384797
2201695
499337
2859232
1066725
452517
3554431
1404059
949854
2168580
1091839
2752192
164309
890897
1731610
97579
397445
491710
2276088
476288
1860167
3462010
219822
1821858
3596113
780103
1577021
35224
933369
1432851
2627697
1937403
1457830
1175848
370072
752568
195224
2305385
2510987
1174620
2310512
2509824
1651104
191471
752526
275273
2708761
827500
2242572
143089
1292042
1700709
1355032
1505397
858533
1387242
3021084
1583762
794853
739774
425229
1431515
360243
468378
459184
2825971
1112249
676354
2687488
2080728
913021
650530
244898
2309303
2616886
2448552
895878
1133422
115339
81269
120429
1500897
346787
2717202
878309
1487160
1119142
941586
27104
2332263
669045
279151
1988449
748571
1199828
1350236
1674804
1895164
1812518
310665
3666708
503327
2065375
483346
625874
955773
823432
2562017
103366
1903228
2454620
1289
834045
2174517
106329
2264041
1556327
3870
1537670
295195
110696
1013068
3429146
1772944
1598900
850899
2447429
1121511
2217870
1891437
1887567
1300052
1017322
1522164
3328277
1913701
3109123
1215871
1304010
1423620
2686237
269087
10536
1712823
3551983
1520926
3225778
1339389
168935
741228
1322242
947075
1104069
1375534
569264
1035527
1619835
542326
483876
2738958
573901
895673
151288
1017898
420255
2606233
2517289
435382
211030
2747272
1006804
2586037
50178
493631
2217468
226637
1710973
1776303
657477
992897
868310
1065695
2135187
1186817
1512791
1385879
1252940
1833181
